       0
       0
       0
       0
       0
       0
       0
       0
       0
       0
       0
       0
       0
       0
       0
       0
      13
      97
      75
      85
      80
      90
      73
      84
      83
      75
      98
      78
      80
      89
      81
      73
      83
      80
      86
      80
      74
     102
      99
     114
      79
      83
      76
      80
      89
     104
      85
      89
      90
      70
      95
      86
      85
      77
      72
      81
      71
      90
      81
      83
      80
      95
      64
      79
      84
      93
      70
      84
      82
      98
      93
     100
      73
      80
      87
     107
      89
      78
      80
      97
      99
     105
      92
      76
     101
      91
     100
      75
      90
      85
      89
     105
      84
      85
      77
     103
      93
      84
      76
      91
      87
      89
      93
      86
     108
      96
      98
      97
      85
      95
      98
     101
     108
      97
     101
      89
      95
      86
      85
     103
      95
      85
     102
     110
      83
     110
      90
     104
      91
      91
      83
      98
     113
     118
      80
     103
     100
     115
     108
     119
     108
     108
     116
     106
     111
      98
     115
     127
     117
     116
     122
     100
     108
     106
     122
     121
     110
     117
     121
     143
     133
     117
     112
     123
     112
     129
     120
     142
     113
     125
     142
     136
     155
     120
     129
     143
     129
     151
     148
     187
     164
     164
     165
     162
     166
     156
     172
     180
     173
     157
     190
     163
     173
     198
     195
     169
     167
     157
     180
     196
     183
     188
     142
     190
     160
     158
     148
     169
     164
     141
     169
     163
     149
     178
     161
     159
     171
     137
     122
     158
     133
     165
     172
     138
     168
     161
     161
     148
     165
     140
     139
     139
     146
     118
     141
     153
     161
     148
     130
     133
     143
     149
     144
     126
     151
     136
     139
     145
     136
     122
     126
     156
     137
     126
     141
     142
     141
     127
     138
     141
     130
     145
     136
     139
     142
     125
     134
     139
     139
     137
     141
     139
     133
     135
     142
     122
     129
     121
     110
     140
     156
     144
     136
     109
     118
     127
     135
     101
     135
     116
     116
     140
     157
     131
     138
     150
     149
     120
     133
     133
     138
     144
     133
     135
     135
     148
     131
     113
     129
     140
     128
     129
     142
     129
     140
     113
     129
     123
     124
     133
     133
     152
     136
     148
     138
     129
     142
     132
     131
     122
     150
     133
     141
     141
     155
     132
     137
     134
     147
     132
     141
     131
     130
     121
     144
     112
     124
     130
     142
     134
     129
     132
     141
     157
     142
     131
     144
     123
     140
     105
     136
     151
     114
     127
     121
     116
     139
     123
     142
     126
     132
     132
     129
     136
     148
     131
     140
     129
     120
     139
     140
     140
     137
     152
     141
     135
     119
     127
     118
     129
     120
     138
     116
     125
     133
     125
     114
     132
     123
     134
     134
     115
     110
     118
     144
     129
     142
     125
     142
     139
     150
     122
     115
     133
     142
     120
     147
     113
     112
     129
     149
     128
     118
     141
     145
     133
     126
     145
     152
     134
     141
     123
     135
     123
     132
     118
     141
     121
     128
     123
     120
     129
     146
     121
     133
     139
     113
     125
     129
     145
     123
     114
     120
     136
     137
     135
     136
     152
     134
     114
     128
     121
     121
     147
     128
     146
     129
     130
     118
     139
     133
     153
     122
     163
     118
      97
     133
     137
     110
     133
     116
     150
     119
     125
     129
     106
     147
     150
     129
     126
     113
     125
     123
     135
     119
     121
     139
     123
     125
     126
     144
     111
     145
     116
     145
     142
     135
     128
     122
     130
     124
     132
     131
     115
     138
     137
     118
     142
     157
     138
     125
     147
     132
     126
     135
     141
     150
     140
     147
     122
     145
     128
     128
     146
     148
     136
     130
     153
     138
     159
     153
     132
     144
     162
     145
     127
     149
     135
     156
     165
     142
     138
     132
     135
     166
     141
     151
     144
     164
     151
     172
     153
     150
     158
     153
     156
     140
     146
     165
     144
     139
     151
     145
     154
     136
     155
     127
     157
     149
     139
     157
     142
     160
     149
     137
     121
     158
     135
     152
     140
     150
     143
     134
     144
     149
     130
     139
     146
     128
     126
     121
     141
     163
     128
     131
     149
     129
     116
     127
     146
     147
     143
     138
     127
     150
     120
     124
     111
     124
     135
     141
     123
     146
     116
     134
     120
     135
     135
     147
     128
     135
     144
     150
     124
     157
     158
     130
     134
     131
     132
     137
     115
     129
     106
     123
     131
     132
     112
     126
     132
     117
     136
     150
     105
     130
     123
     115
     137
     102
     148
     128
     143
     140
     127
     130
     116
     122
     136
     117
     131
     103
     117
     126
     114
     123
     121
     119
     131
     117
     137
     131
     127
     113
     109
      99
     134
     128
     132
     118
     116
     142
     144
     119
     131
     142
     124
     138
     135
     131
     125
      88
     133
     128
     131
     118
     113
     113
     125
     116
     118
     123
     113
     109
     135
     106
     131
     104
     116
     123
     126
     132
     114
     114
     123
     105
     118
     107
     145
     108
     131
     128
     113
     111
     121
     106
     127
     136
     129
     121
     122
     108
     117
     118
     125
     133
      97
     106
     124
     125
     129
     108
     101
     100
     105
     109
     118
     137
     109
     105
     127
     132
     103
     110
     120
     109
     110
     105
     113
     110
     123
     116
     113
     105
     123
     111
     119
     130
     128
     123
     116
     124
     122
     112
     112
     113
     117
     124
     122
      95
     118
     115
     117
     107
     119
     120
     109
     108
     104
     118
     108
     113
      98
      98
     110
     125
     113
     108
     114
      95
      99
     107
     120
     129
     101
     122
     122
      99
     111
     111
     107
     101
     107
     120
     110
     104
     105
     107
      85
     110
      94
      89
     101
     104
     100
     113
     105
      98
     127
     114
      99
      96
     109
      99
     104
     101
     130
     106
      88
      96
     100
      85
     102
     101
     112
      71
      88
      82
     109
     109
      82
      90
     102
     100
     106
     110
      92
     106
     109
     104
      89
     106
     101
      97
     103
     100
      95
      99
      96
      96
      83
      95
     101
      91
      98
     100
      86
      92
     106
      73
     130
      85
     103
      98
      98
     104
      86
     103
     117
      93
     109
      87
      94
     110
     112
      82
     109
      85
      98
      89
      96
      88
      86
      93
      93
      89
      98
     116
      96
     107
      84
      90
     110
      96
      68
      84
      90
      87
      82
     102
      80
     109
     107
     100
      99
      75
     103
      79
      79
      99
      94
      87
      88
      86
     100
     107
     109
      99
      77
     121
     108
      89
      97
     109
      78
      95
     102
      75
      88
      91
      77
     113
      89
      85
      85
      81
      89
      96
      90
      85
     118
     101
     106
     105
     104
     119
      77
      81
      90
      87
      92
     100
     104
     114
      93
      70
      70
      94
      98
      94
      89
      83
      96
      90
     108
      93
      96
      88
      91
      85
     100
     100
     109
      84
      85
      96
      97
      98
      99
      91
      83
      98
      94
     102
      85
      86
      85
      91
      99
      95
      97
     100
      98
      89
      91
     104
      83
      96
      94
      95
      92
      67
      96
      92
      82
      81
     108
      90
      94
     113
     103
      94
      85
     104
     105
     100
      98
      99
      83
      96
      90
      89
      83
      95
     113
      96
      78
      93
      88
      95
      95
     103
      95
     112
      93
     100
      83
      71
      89
      95
      88
      92
      88
      97
      87
      84
     108
      74
      97
      99
      82
      88
      74
      94
      91
     104
      89
      78
     107
      80
      81
      88
      90
      86
      97
      89
      81
      77
      77
      92
      87
      83
      89
      86
      83
      80
      99
      97
      80
      93
      89
      93
      92
      81
      91
      84
      69
      84
      91
      82
      83
      79
      92
      83
      82
      81
      88
      93
      82
      86
      58
      69
      88
      87
      74
      84
      82
      75
      78
      86
      80
      86
      98
      81
      61
      85
      78
      83
      69
      56
      68
      73
      69
      71
      68
      57
      61
      61
      74
      90
      53
      71
      69
      72
      73
      57
      69
      53
      51
      75
      58
      53
      65
      63
      74
      73
      62
      58
      60
      43
      57
      60
      68
      55
      56
      70
      63
      50
      58
      53
      49
      61
      50
      60
      56
      68
      46
      54
      53
      67
      60
      51
      62
      54
      53
      52
      52
      56
      37
      50
      64
      58
      54
      52
      35
      39
      54
      58
      52
      47
      44
      50
      55
      51
      49
      59
      50
      51
      43
      41
      51
      40
      40
      39
      43
      42
      49
      49
      54
      48
      49
      34
      55
      56
      40
      42
      42
      53
      37
      53
      35
      40
      41
      49
      45
      54
      46
      43
      43
      40
      46
      46
      33
      48
      52
      44
      48
      60
      34
      34
      46
      34
      50
      48
      42
      37
      54
      52
      44
      50
      43
      41
      31
      60
      50
      55
      42
      38
      41
      43
      30
      58
      44
      42
      44
      41
      36
      50
      45
      41
      44
      42
      41
      48
      49
      41
      41
      43
      40
      45
      55
      50
      53
      43
      55
      50
      37
      46
      50
      40
      43
      35
      43
      34
      28
      37
      48
      48
      37
      37
      47
      43
      47
      35
      41
      34
      41
      34
      42
      31
      34
      33
      42
      41
      47
      44
      46
      38
      44
      32
      34
      31
      38
      44
      45
      37
      39
      37
      35
      33
      36
      43
      36
      45
      41
      40
      47
      62
      38
      42
      43
      37
      49
      39
      39
      43
      24
      41
      35
      38
      44
      38
      40
      36
      27
      34
      37
      36
      38
      33
      47
      33
      44
      44
      36
      23
      43
      29
      34
      40
      48
      32
      42
      34
      43
      40
      44
      32
      50
      38
      39
      33
      31
      37
      32
      37
      35
      33
      32
      26
      37
      43
      39
      31
      32
      41
      37
      38
      36
      40
      41
      22
      33
      46
      37
      35
      35
      44
      30
      31
      34
      35
      39
      32
      34
      32
      37
      39
      28
      33
      43
      49
      27
      23
      41
      26
      40
      24
      38
      44
      33
      34
      31
      27
      36
      34
      27
      27
      42
      25
      31
      42
      35
      31
      30
      34
      38
      35
      31
      33
      40
      46
      29
      25
      24
      30
      38
      34
      29
      44
      33
      38
      47
      28
      27
      32
      30
      30
      35
      36
      27
      27
      35
      37
      25
      34
      21
      30
      31
      33
      39
      23
      23
      41
      32
      29
      26
      24
      28
      19
      37
      36
      22
      43
      30
      32
      25
      27
      38
      30
      36
      33
      34
      27
      37
      37
      27
      31
      28
      36
      32
      27
      33
      36
      32
      45
      30
      34
      35
      38
      20
      28
      24
      29
      32
      31
      24
      30
      26
      27
      31
      35
      31
      41
      20
      17
      34
      34
      32
      36
      30
      32
      29
      32
      35
      21
      33
      28
      33
      23
      32
      40
      21
      30
      22
      28
      33
      32
      23
      28
      37
      33
      35
      27
      32
      32
      36
      29
      17
      29
      31
      24
      33
      25
      30
      30
      26
      27
      39
      33
      25
      24
      28
      41
      34
      24
      36
      29
      38
      26
      30
      40
      26
      26
      30
      27
      27
      27
      32
      26
      28
      23
      27
      28
      24
      31
      34
      25
      30
      35
      33
      31
      34
      29
      32
      30
      40
      37
      28
      24
      30
      38
      47
      43
      43
      49
      30
      30
      38
      31
      45
      37
      42
      44
      46
      41
      43
      50
      46
      49
      49
      51
      62
      58
      74
      64
      72
      65
      70
      73
      73
      93
      85
      72
     100
      81
      97
     119
     107
     106
     104
     124
     150
     150
     157
     140
     152
     170
     180
     155
     196
     167
     202
     228
     221
     249
     206
     251
     258
     265
     243
     279
     274
     267
     295
     298
     306
     311
     348
     357
     335
     361
     392
     358
     375
     368
     440
     407
     415
     427
     440
     469
     473
     512
     433
     463
     494
     528
     473
     532
     529
     557
     510
     519
     545
     529
     554
     545
     574
     572
     531
     551
     583
     596
     573
     555
     563
     566
     541
     528
     575
     571
     532
     561
     523
     541
     572
     548
     512
     557
     522
     525
     487
     497
     469
     419
     465
     472
     445
     455
     440
     455
     421
     451
     370
     438
     378
     389
     377
     410
     382
     345
     357
     371
     338
     353
     309
     297
     279
     293
     259
     260
     273
     260
     223
     259
     224
     250
     218
     213
     198
     179
     193
     166
     186
     175
     168
     164
     172
     151
     132
     140
     131
     120
     142
     116
     128
     114
     103
     108
      96
     100
      95
      98
      71
     105
      92
      80
      69
      78
      77
      65
      60
      61
      64
      64
      60
      58
      56
      61
      56
      50
      57
      53
      53
      37
      37
      33
      41
      41
      40
      44
      29
      34
      42
      33
      38
      32
      46
      33
      33
      29
      24
      36
      37
      24
      32
      28
      25
      19
      33
      21
      18
      23
      29
      27
      30
      21
      19
      17
      21
      19
      20
      20
      13
      20
      21
      19
      23
      25
      12
      15
      13
      31
      20
      14
      13
      10
      11
      15
      13
      16
      17
      21
      16
      11
       8
      14
      18
       8
      12
      19
      16
      13
      10
      10
      16
      20
       6
      20
      16
      12
      16
       9
      10
      14
      11
      22
      10
      15
      14
       6
      17
      17
      18
      13
      14
      18
      15
       9
      17
      14
      12
      13
       9
      16
      12
      19
       8
      16
      12
      15
      14
      18
      13
      15
      12
       9
      14
      11
      15
      12
      24
      13
      10
      13
       9
       9
      13
      11
      16
      11
      16
      14
      16
      17
      21
       9
      21
      15
      22
      11
      16
      12
      18
      11
      11
      14
      11
      14
       9
      12
       6
       8
      14
       8
      19
       7
      17
      19
       8
       9
       8
       9
      16
       9
      12
      12
       9
      12
      18
      11
       9
       8
      13
      11
      13
      13
      16
      15
      14
      21
      20
      10
      15
      14
      10
      12
      14
       9
      20
      16
       8
      15
      16
      12
      15
      11
      10
      14
      11
      10
       8
      12
      21
       9
      16
       7
      16
      13
      20
      19
      12
      10
      17
      10
      16
      18
      15
      22
      10
      13
      17
       9
      10
      14
      12
      10
      11
      14
      16
      11
       7
       8
      16
      17
      11
      11
      18
      13
       8
      13
      14
       8
      16
      12
      24
      10
       7
      13
       7
      18
      14
      20
      11
      18
       7
       9
      18
      15
      13
      16
      13
      17
      12
      18
      15
      20
      11
      13
      15
      15
      10
      11
      15
      13
      18
      10
      11
      15
      10
      19
       9
      16
      11
      17
       6
      15
      14
      17
      20
      16
      10
      25
      17
      18
      15
      21
      13
      12
      25
      16
      16
      16
      21
      13
      18
      14
      16
      13
      13
      15
      18
      13
      11
      15
      17
      19
      15
      13
      17
      17
      20
      14
      17
      12
      14
      18
      12
      14
      10
      16
      13
      25
      13
      12
      15
      17
      17
      26
       8
      19
      15
      22
      13
      17
      11
      17
      20
      18
      15
      15
      16
      11
      15
       6
      11
      16
      17
       8
      17
      21
      13
      17
      11
      14
      11
      10
      14
      16
      12
       8
      20
      14
      16
       9
      16
      12
      16
      13
      10
      17
      18
       8
      11
      17
      16
      17
      17
      11
      12
      11
      13
      15
      11
      14
      11
      12
      14
      16
      19
      14
      19
      10
      16
      17
       8
      12
      13
      12
      11
      16
       9
      17
      18
      13
      15
      13
      14
      20
      15
      10
      15
       9
      15
      10
      20
      12
      10
      17
      15
      10
      13
      10
      12
      14
      11
      15
      10
      10
      18
      11
      21
      12
      26
      14
      18
      11
      18
      14
      16
      14
      17
      10
      17
      21
      20
      20
      15
      11
       5
      15
      12
       8
      19
       7
      18
      12
      17
      10
      21
      11
      11
      20
      16
      15
      16
      15
       9
      13
      16
       9
      29
       9
      17
      12
      19
      19
      17
      20
      20
      16
       8
      17
      15
      17
      16
      13
      15
      16
      13
      14
      24
      14
       9
      14
      14
       9
      14
      12
      19
      13
      11
       5
       8
      16
      15
      10
      11
      11
      12
      14
       9
      14
       8
      14
      14
       6
      15
       9
      16
      11
       6
       9
      17
      14
      16
      12
       8
      10
      13
       7
      10
      12
       6
      14
       6
      12
      13
       9
      14
      17
      16
      15
       9
      12
      15
      15
       9
       8
      15
      14
      15
      17
       6
       9
       7
      10
      11
      15
      16
      10
      13
      11
      10
       5
      11
      16
      10
      10
      15
      13
      11
       9
      12
      16
       9
      11
      15
      11
      12
       6
      11
      13
      10
      18
      10
       6
       8
      12
       7
      11
      18
      10
      20
      22
      14
       9
      12
      17
      17
       6
      11
       6
      10
      14
      12
       9
      12
      12
       6
      14
      13
      13
      16
      11
      11
       7
       6
      14
      13
      13
      18
       8
      11
      15
      11
      14
      14
      15
      13
      15
      12
      10
       8
      13
      16
      15
      10
      18
       5
      10
      22
      10
      17
      18
      14
      17
      10
      11
      11
      14
      15
      16
      13
      17
      16
       9
      11
      12
      13
      12
      12
      13
      13
      10
      17
      10
       9
       8
      12
      13
      12
      13
      12
       6
       8
      15
      12
      14
      19
      13
      12
      14
      12
      11
      14
      10
      10
       6
      15
      13
       8
      11
      13
      11
      11
      15
      13
      10
      12
      11
      11
       6
      20
      14
      19
       7
       8
      11
       9
      15
      13
      10
      16
      14
      14
      16
      16
      15
      13
      13
      15
      10
      10
      13
       6
      14
      10
       6
       9
      11
      15
      11
      13
      17
      13
      11
      10
      13
      16
       8
      19
       8
      19
       8
      13
      12
      11
      13
       5
      15
      18
      11
       9
       8
      10
      12
      14
      19
      15
      10
       8
       5
      20
      11
       9
      13
      16
      14
       3
      10
      17
      15
      10
       8
      14
       6
       9
       8
       9
      17
      17
      12
      13
      13
      14
      16
      13
      15
      15
      13
      13
      14
       7
      12
       7
       9
      19
      11
      10
      11
      22
      10
       8
       9
      20
      11
      16
      15
       7
       9
      12
      16
      14
      15
       7
      12
      16
      16
      10
       9
       4
      19
      13
      13
       9
      16
       8
      12
      10
      15
      17
       5
       9
       6
      11
      18
       6
      16
      15
      11
      10
      18
      14
      12
       9
      10
      16
      14
      11
      12
       9
      14
      10
      13
      10
       8
      11
      16
      11
      11
      19
      16
       9
      11
       9
      15
       8
      15
      13
      11
      22
      14
      14
      11
       9
      17
       9
      12
      14
       9
      10
       9
      11
      11
      16
      13
      13
       8
      17
      10
      12
      12
       7
       4
      13
       8
      11
      15
      13
      14
       9
      17
      17
      11
      12
      10
      15
       9
      14
      14
      13
      14
      11
      16
       9
      11
      10
      13
      10
      16
      13
      18
      10
      17
       9
      17
      15
       6
      12
      13
       8
      11
      13
      16
      14
      15
      11
      18
       8
      15
      10
      12
      16
      14
      11
      10
       8
       9
      15
      12
      12
      16
      16
      11
      14
      15
      17
       6
      16
      16
      12
       6
      12
      13
      19
      10
       5
      13
      14
      20
      11
      16
      13
      15
      12
      16
       8
      10
      12
       3
      12
      16
      11
      13
       8
       8
      23
      11
      10
      13
      11
       4
      15
      13
      13
      13
       8
      11
      15
      13
      16
      14
      11
      12
      13
       9
      10
      16
       7
      12
      12
      12
      13
      15
       9
       9
       6
      10
       9
      10
       9
      11
       8
      12
      13
      15
      24
       7
       9
      13
      10
      11
      18
       9
      17
      11
      16
      10
       7
      17
      16
      13
      12
      21
      10
      13
      18
      16
       9
      10
       9
       9
      13
       6
      20
      19
      13
      12
      13
      13
      13
      12
       9
      13
      10
      16
      12
       8
      10
       8
      12
      14
      11
      16
       8
      13
       8
      16
      17
       5
      11
      11
      14
      11
      14
      12
       8
      15
       9
       7
      13
       7
       7
      15
       9
      16
      28
       9
       8
       9
       5
       9
      14
      15
       6
      12
       9
      10
      12
      10
      12
      14
      10
      12
      17
       7
      11
      14
       6
      21
       4
      15
       9
      14
       8
       8
       8
      15
      13
      12
      11
      10
      10
      10
       8
      11
      22
      10
       9
       9
      11
      10
      16
      12
      11
      19
       7
      10
       9
      11
      13
       8
      11
       4
      15
      11
      10
       7
      20
      15
      11
       6
      12
      18
      16
       9
      18
      18
      11
      11
      12
       9
       6
      12
      14
      16
      14
      13
       8
      13
      17
      17
      14
       9
       9
      11
       8
      15
      11
      11
       9
      12
       9
      15
      13
      13
       8
       8
      12
      15
       8
      18
      15
      10
      16
      10
       9
      14
      13
      18
      13
       4
      11
       9
      20
      11
      14
      15
      11
      14
      14
       9
      14
      17
      12
      10
      16
      15
       9
      13
       5
      10
      12
      15
       8
      14
      11
      12
      15
      11
      11
      11
       6
      16
      12
      12
      14
      13
      15
      14
      17
      11
      13
       7
      11
      12
      20
      11
      11
      18
       9
      12
      10
      16
      12
      23
      11
      10
      13
      12
       8
      14
       6
      13
      14
       9
      10
       8
       9
      12
      10
      13
      17
      17
      16
      11
      12
      13
       9
      11
      19
      13
      17
      16
      13
      14
      14
      11
       5
      20
      13
      17
      18
      23
      10
      10
      17
      14
      13
      11
      11
      11
      10
      13
      12
      16
      13
      14
      14
      15
      15
      10
      15
      15
      20
      17
      13
      17
      13
      13
      13
      10
      12
      20
      11
      11
      16
      18
       9
      14
      17
      15
      17
      11
      13
      12
      15
      10
      12
       2
       7
      11
       9
       9
       9
       9
      11
      12
      12
      17
      10
      13
      11
      14
      11
      11
      13
       8
       7
      11
      16
      14
      13
      14
       8
      17
      16
      11
      11
      17
      15
      15
      17
      14
      13
      13
      12
      13
      11
      10
      10
      15
      19
      19
      19
      12
      14
      18
      14
      13
      11
      10
      11
       7
       9
       5
      13
      16
      13
      11
       9
      11
      18
       8
      17
      17
      13
       9
      18
      12
      19
      12
      13
       7
      12
      11
      17
      13
      18
      14
      12
       8
      15
      15
      12
       8
      12
      16
      15
      12
      18
      12
      12
      12
      10
      14
      15
      15
      12
       9
      19
      13
      17
      19
      11
      13
      15
       7
       7
       9
      14
      14
      12
      11
      15
      10
      14
      11
      15
      14
      11
      16
      10
      17
      14
      11
      22
      12
      13
      10
       8
      12
      16
      15
      14
      11
      10
      10
      19
      11
      12
      10
      18
      14
      13
      17
      15
      17
      12
      17
      10
      15
      19
      13
      17
      20
      11
      20
      14
       9
      14
       9
      17
       9
      13
      10
      10
      16
      15
      14
      17
       5
      13
      20
      17
      15
      10
      18
      14
      13
       8
      10
      15
       6
      17
      11
      11
       6
      15
      13
      16
      10
      14
      15
      11
      15
      15
       9
      12
      20
      13
      10
      22
      17
      18
      11
      18
      15
      10
      10
      13
      11
      11
      16
      13
      22
      17
      18
      14
      15
      12
      14
      11
       9
      11
      15
      13
      13
      16
      10
      14
      13
      11
       9
      16
       7
      18
      18
      14
      21
       6
      17
      17
      11
      14
      16
      15
      14
       6
      11
      13
      11
       8
      13
      15
       9
       4
      16
      17
      10
      12
      14
      10
      17
      11
      15
      12
      16
      12
      14
      14
      11
      18
       9
      14
      12
      16
      18
      13
      15
      16
      21
      18
      15
      18
      23
      10
      19
      15
      18
      12
      18
      14
      18
      17
      12
      10
      15
      16
      16
      10
      20
      19
      16
      16
      19
      11
      25
      17
      23
      13
      16
      13
       9
      14
      15
      16
      15
      20
      12
      14
      12
      16
      25
      19
      11
      12
      25
      11
      14
      12
       8
      18
      17
      15
      16
      19
      19
      18
       8
      19
      19
      17
      18
      17
      28
      14
      13
      22
      15
      11
      15
      15
      16
      11
      18
      21
       9
      10
      16
      19
      13
      11
      14
      18
      13
      10
      18
      12
      16
       9
      12
      13
      16
      23
      12
      13
      22
      18
      17
      13
      12
      14
      14
      16
      17
      12
      13
      23
      20
      19
      14
      12
      12
      14
      12
      14
       7
      15
      18
      19
      14
      18
      13
      25
      14
      13
      11
      15
      13
      13
      13
      16
      23
      15
      10
      21
      13
      16
      18
      16
      18
      12
      19
      10
      15
       7
      15
      13
      15
      16
       9
      17
       9
      14
      20
      14
      10
      18
      23
      14
      14
      16
      10
      22
      20
      12
      10
      13
      15
      20
      13
      11
      21
      16
      14
      23
      14
      12
      13
      17
      13
      15
      20
      15
      13
      17
      14
      16
      17
      21
      16
       5
       8
      13
      14
      10
      14
      18
      22
      12
      13
      11
       9
      16
      11
       8
      17
      12
      17
      17
      16
      18
      10
      12
      19
      10
       9
      10
       5
      14
      19
      13
      16
       6
      13
      10
      12
      10
       9
      12
      10
      12
      14
      14
       6
      16
      16
      12
       4
      12
      13
      13
      16
       8
      10
      13
      15
      10
      15
       8
      18
      10
       8
       5
       9
       6
       3
      11
       8
      10
       9
       9
       8
       9
       8
       9
      11
      11
      11
      10
       8
       9
       8
      12
       6
       7
       9
       8
       6
       9
       9
       7
       9
       7
       8
      11
      10
       5
      19
       7
       5
      13
       9
      12
       3
       4
       8
       8
       5
      11
      10
      12
      11
       3
       7
      12
       4
      10
       9
       6
       8
       4
       8
       3
       5
       6
      10
       9
       5
       5
       5
      10
       6
       7
       7
      13
       9
       5
       7
       6
       6
       2
       6
       1
       6
       3
      12
      11
       3
      10
       4
       9
       6
       4
       7
       8
       7
       4
       7
      10
       5
       6
       4
       2
       8
       8
       4
       0
       3
       3
       5
       4
      10
      11
       9
       8
       4
       4
       8
       6
       3
       3
       9
       6
      12
       3
       5
       9
       5
       3
       3
       9
       4
       2
       6
       3
       5
       4
       6
      11
       3
       5
       4
       5
       3
       5
       4
       7
       5
       5
       4
       4
       6
       4
       5
       5
       3
       8
       8
       6
       6
       7
       2
       3
       6
       6
       4
       2
       5
       2
       2
       2
       1
       1
       5
       2
       4
       4
       6
       3
       6
      10
       6
       6
       3
       2
       4
       2
       1
       4
       7
       4
       1
       4
       7
       4
       7
       3
       6
       2
       5
       3
       5
       3
       3
       3
       3
       8
       4
       9
       1
       3
       4
       9
       4
       2
       6
       3
       2
       2
       3
       5
       2
       4
       2
       3
       3
       3
       4
       6
       2
       8
       1
       2
       3
       4
       3
       3
       4
       0
       3
       2
       2
       0
       2
       4
       6
       1
       1
       1
       3
       3
       5
       4
       4
       3
       4
       1
       1
       1
       2
       2
       3
       1
       3
       3
       1
       4
       6
       6
       2
       5
       5
       6
       2
       3
       3
       5
       1
       5
       1
       4
       5
       4
       2
       2
       3
       3
       0
       3
       2
       6
       1
       1
       3
       1
       4
       3
       2
       3
       2
       4
       3
       1
       2
       0
       1
       5
       0
       1
       2
       1
       4
       2
       2
       0
       0
       3
       2
       0
       4
       2
       2
       3
       1
       1
       3
       3
       3
       4
       1
       1
       1
       2
       1
       0
       2
       1
       3
       0
       4
       4
       5
       2
       7
       3
       4
       6
       2
       2
       1
       3
       0
       2
       3
       3
       0
       2
       2
       2
       3
       4
       1
       1
       0
       0
       2
       2
       0
       1
       1
       2
       0
       1
       2
       0
       1
       5
       1
       2
       1
       0
       1
       1
       2
       5
       2
       3
       2
       3
       1
       1
       0
       4
       1
       1
       0
       0
       1
       3
       1
       1
       1
       0
       2
       1
       2
       3
       1
       0
       1
       1
       3
       2
       0
       1
       2
       1
       4
       3
       2
       2
       3
       0
       2
       1
       3
       4
       3
       4
       1
       2
       1
       1
       2
       3
       1
       1
       1
       2
       0
       3
       1
       1
       1
       1
       2
       0
       3
       1
       2
       0
       2
       1
       1
       3
       1
       0
       2
       1
       1
       2
       0
       1
       0
       0
       3
       0
       0
       0
       0
       0
       0
       1
       1
       1
       1
       1
       0
       1
       4
       0
       0
       0
       1
       0
       1
       0
       1
       1
       1
       0
       2
       2
       1
       0
       1
       1
       2
       0
       0
       4
       1
       1
       1
       0
       1
       5
       0
       2
       1
       1
       1
       3
       0
       0
       1
       0
       1
       0
       0
       3
       3
       1
       1
       1
       0
       2
       4
       0
       1
       0
       0
       0
       3
       3
       0
       2
       1
       2
       2
       0
       2
       2
       2
       0
       0
       2
       4
       1
       3
       1
       1
       2
       2
       1
       2
       3
       0
       0
       0
       1
       2
       1
       0
       2
       1
       0
       1
       2
       2
       2
       0
       2
       2
       1
       3
       1
       1
       2
       1
       0
       1
       1
       1
       1
       0
       2
       2
       4
       2
       1
       2
       2
       1
       1
       4
       2
       2
       0
       2
       2
       2
       2
       2
       3
       1
       6
       4
       3
       4
       5
       0
       0
       2
       2
       5
       4
       4
       2
       3
       3
       5
       3
       4
       2
       4
       4
       6
       4
       2
       4
       7
       4
       7
       6
       3
       5
       5
       3
       7
       4
       4
       8
       9
       5
       6
       7
       5
       8
       5
      11
      11
       3
      15
       5
       8
      11
       7
       9
       9
      12
      10
      19
      14
      12
      13
      15
      10
      13
      14
      14
      12
      10
      23
      16
      20
      11
      16
      18
      12
      22
      15
      19
      21
      17
      15
      22
      20
      28
      23
      29
      27
      24
      31
      16
      26
      28
      22
      29
      34
      34
      42
      37
      38
      35
      35
      45
      30
      34
      44
      35
      37
      32
      40
      46
      48
      42
      50
      34
      41
      52
      46
      56
      48
      36
      48
      53
      47
      43
      55
      52
      46
      50
      47
      45
      54
      58
      65
      37
      62
      56
      59
      60
      59
      71
      51
      51
      59
      83
      45
      65
      69
      67
      73
      64
      61
      73
      67
      68
      59
      70
      65
      60
      47
      66
      58
      70
      57
      68
      66
      77
      63
      64
      61
      51
      74
      61
      73
      61
      74
      57
      70
      66
      59
      59
      73
      55
      62
      69
      76
      60
      64
      66
      54
      59
      74
      58
      62
      59
      60
      71
      57
      51
      67
      63
      51
      66
      51
      61
      50
      45
      63
      70
      46
      59
      58
      54
      57
      43
      59
      56
      63
      47
      50
      48
      47
      51
      45
      49
      54
      47
      52
      55
      40
      34
      49
      36
      53
      39
      42
      48
      40
      46
      42
      45
      35
      35
      34
      48
      35
      35
      43
      29
      27
      27
      33
      31
      38
      35
      35
      30
      29
      40
      39
      21
      26
      25
      22
      31
      26
      34
      28
      31
      29
      16
      17
      36
      25
      19
      17
      27
      21
      28
      21
      21
      16
      15
      22
      19
      25
      24
      20
      29
      16
      15
      14
      19
      22
      25
      15
      15
      19
      20
      28
      15
      13
      19
      14
      23
      11
      15
      15
       9
      12
       8
       9
       8
      15
      11
      16
      12
      16
      13
       9
      10
      10
       7
      10
       9
       8
       6
       4
       9
       8
       9
       9
      10
      10
      12
      11
      11
       5
      11
      10
      14
      10
      12
       7
       6
       9
       7
       5
       5
      11
       7
       4
       6
       6
       8
       9
       9
       5
       8
       5
       7
       5
       3
       7
       7
       3
       4
       4
       4
       6
       6
       5
       6
       2
       2
       8
       5
       3
       8
       6
       4
       3
       4
       3
       2
       4
       8
       3
       4
       2
       6
       3
       5
       7
       4
       4
       6
       6
       3
       0
       3
       0
       4
       4
       4
       5
       4
       1
       3
       2
       1
       4
       3
       1
       2
       1
       6
       4
       5
       5
       1
       3
       2
       4
       0
       2
       2
       1
       2
       0
       2
       1
       3
       1
       3
       1
       2
       1
       2
       2
       0
       0
       2
       0
       1
       2
       3
       2
       1
       5
       0
       1
       2
       1
       4
       0
       0
       1
       0
       0
       4
       2
       1
       1
       0
       2
       0
       1
       1
       1
       0
       1
       2
       0
       1
       2
       0
       0
       1
       1
       0
       0
       0
       0
       0
       0
       1
       0
       0
       0
       1
       1
       1
       1
       0
       0
       1
       1
       1
       1
       1
       2
       0
       0
       1
       0
       1
       0
       0
       1
       1
       0
       2
       1
       1
       2
       1
       0
       0
       0
       1
       0
       0
       2
       0
       1
       2
       0
       0
       2
       1
       0
       0
       0
       0
       0
       0
       0
       1
       0
       1
       0
       0
       0
       0
       0
       1
       0
       1
       1
       0
       0
       0
       0
       0
       0
       0
       0
       1
       1
       0
       1
       0
       0
       0
       1
       0
       0
       1
       0
       0
       0
       2
       0
       1
       1
       1
       0
       0
       0
       2
       0
       0
       0
       1
       0
       1
       0
       0
       0
       0
       0
       0
       1
       0
       0
       2
       0
       0
       0
       0
       0
       0
       0
       0
       0
       0
       1
       1
       0
       2
       0
       1
       0
       0
       1
       0
       0
       0
       1
       1
       0
       0
       0
       0
       0
       1
       0
       0
       0
       0
       0
       0
       0
       0
       0
       0
       0
       0
       1
       0
       1
       0
       1
       0
       1
       0
       0
       0
       0
       0
       0
       0
       0
       0
       0
       0
       0
       0
       0
       0
       0
       1
       1
       0
       0
       0
       0
       0
       1
       0
       0
       0
       0
       0
       1
       0
       0
       0
       0
       0
       0
       0
       1
       1
       0
       0
       0
       0
       0
       0
       0
       0
       0
       0
       0
       0
       0
       0
       0
       0
       0
       1
       1
       0
       1
       1
       0
       0
       0
       0
       0
       0
       1
       0
       0
       0
       1
       1
       0
       0
       0
       1
       0
       0
       1
       0
       0
       0
       0
       0
       0
       2
       0
       1
       0
       0
       1
       0
       1
       1
       1
       1
       1
       1
       0
       1
       0
       1
       1
       0
       1
       0
       0
       0
       0
       0
       0
       1
       1
       0
       0
       2
       3
       1
       0
       0
       1
       0
       0
       0
       2
       2
       1
       0
       0
       2
       0
       3
       0
       0
       0
       0
       2
       0
       2
       0
       1
       2
       0
       1
       1
       1
       0
       0
       1
       1
       3
       1
       2
       0
       1
       0
       0
       0
       1
       0
       2
       3
       3
       1
       0
       2
       0
       4
       0
       1
       2
       0
       1
       0
       4
       4
       1
       3
       2
       2
       1
       1
       2
       0
       0
       5
       1
       3
       2
       3
       2
       2
       1
       2
       4
       2
       0
       0
       1
       2
       0
       4
       1
       5
       3
       0
       1
       1
       1
       0
       1
       1
       3
       3
       2
       2
       2
       2
       2
       2
       2
       2
       0
       1
       1
       2
       0
       1
       2
       2
       0
       1
       0
       0
       1
       2
       2
       2
       2
       1
       1
       0
       2
       4
       2
       2
       0
       0
       2
       1
       1
       1
       3
       3
       0
       1
       2
       1
       1
       2
       1
       1
       1
       0
       2
       0
       1
       3
       0
       0
       1
       1
       1
       1
       0
       3
       0
       0
       0
       0
       2
       1
       0
       0
       1
       1
       1
       1
       0
       1
       1
       0
       2
       0
       0
       1
       0
       1
       1
       0
       1
       2
       0
       1
       1
       2
       2
       1
       2
       0
       0
       1
       2
       0
       1
       1
       0
       1
       2
       1
       0
       1
       0
       1
       0
       0
       0
       0
       0
       1
       0
       1
       2
       0
       0
       0
       0
       0
       0
       0
       0
       1
       1
       1
       1
       1
       0
       0
       0
       3
       1
       0
       0
       1
       0
       0
       2
       0
       0
       0
       0
       2
       2
       0
       0
       0
       0
       1
       0
       1
       1
       3
       0
       0
       2
       1
       1
       0
       0
       1
       0
       0
       0
       0
       0
       0
       0
       1
       0
       0
       1
       0
       0
       0
       0
       0
       0
       0
       0
       1
       0
       0
       0
       0
       1
       1
       1
       0
       1
       0
       0
       0
       0
       1
       0
       1
       0
       0
       0
       0
       0
       0
       0
       0
       1
       1
       0
       0
       0
       0
       0
       0
       2
       0
       0
       1
       0
       0
       0
       0
       0
       0
       0
       0
       0
       0
       0
       0
       0
       3
       0
       0
       0
       0
       0
       0
       0
       0
       1
       1
       0
       0
       0
       0
       0
       1
       0
       0
       0
       0
       1
       0
       0
       0
       1
       0
       0
       0
       1
       0
       0
       0
       0
       0
       0
       0
       0
       0
       0
       0
       0
       0
       0
       0
       1
       1
       1
       0
       0
       0
       0
       1
       0
       0
       0
       0
       0
       0
       0
       0
       2
       0
       1
       0
       0
       0
       0
       0
       1
       0
       0
       0
       0
       0
       0
       0
       0
       0
       0
       0
       1
       0
       1
       0
       0
       0
       0
       0
       0
       0
       0
       0
       0
       1
       0
       0
       2
       1
       0
       0
       0
       0
       0
       0
       0
       0
       0
       1
       1
       0
       0
       0
       1
       0
       1
       0
       0
       0
       0
       0
       0
       0
       0
       0
       0
       0
       0
       0
       0
       0
       0
       1
       1
       0
       1
       0
       0
       0
       0
       0
       0
       0
       0
       0
       0
       0
       0
       0
       0
       0
       0
       1
       1
       0
       0
       0
       0
       0
       0
       0
       0
       0
       0
       0
       0
       0
       0
       0
       0
       1
       0
       0
       0
       0
       0
       0
       0
       0
       0
       0
       0
       0
       0
       1
       0
       0
       0
       0
       0
       0
       0
       0
       0
       0
       0
       0
       0
       1
       0
       0
       0
       0
       0
       0
       0
       0
       0
       1
       0
       0
       1
       0
       1
       0
       0
       0
       0
       0
       0
       0
       0
       0
       0
       1
       1
       0
       0
       0
       0
       0
       0
       0
       0
       0
       0
       1
       0
       0
       0
       0
       0
       0
       0
       0
       0
       0
       0
       1
       1
       0
       0
       0
       0
       0
       0
       0
       1
       0
       0
       0
       1
       0
       1
       0
       0
       1
       0
       0
       0
       0
       1
       0
       0
       0
       0
       0
       0
       0
       0
       0
       0
       0
       0
       0
       1
       0
       0
       0
       0
       2
       0
       0
       0
       0
       0
       0
       0
       0
       0
       0
       0
       1
       0
       0
       0
       0
       1
       0
       0
       2
       0
       0
       2
       0
       0
       0
       0
       1
       0
       0
       0
       0
       0
       2
       0
       0
       0
       1
       1
       0
       0
       0
       0
       0
       0
       1
       0
       0
       0
       0
       0
       0
       0
       0
       0
       0
       0
       0
       0
       1
       0
       0
       0
       0
       1
       0
       0
       0
       0
       0
       0
       1
       0
       1
       1
       0
       0
       0
       0
       0
       0
       0
       0
       0
       1
       0
       0
       0
       0
       0
       2
       0
       0
       1
       0
       1
       0
       0
       0
       0
       0
       0
       0
       0
       0
       0
       0
       0
       0
       0
       0
       0
       0
       0
       0
       0
       0
       0
       0
       0
       0
       1
       0
       0
       0
       1
       0
       0
       0
       0
       0
       0
       0
       0
       0
       0
       0
       0
       0
       0
       0
       0
       0
       0
       1
       0
       1
       0
       0
       0
       0
       0
       1
       1
       0
       0
       0
       0
       0
       1
       0
       0
       0
       0
       0
       1
       0
       0
       0
       0
       0
       0
       0
       0
       0
       0
       1
       0
       0
       0
       0
       0
       0
       0
       0
       0
       0
       0
       0
       0
       0
       0
       0
       0
       1
       0
       0
       0
       0
       1
       0
       0
       0
       0
       0
       0
       0
       0
       0
       0
       0
       0
       0
       0
       1
       0
       0
       0
       0
       0
       0
       0
       0
       0
       0
       0
       0
       0
       0
       0
       0
       0
       0
       0
       0
       0
       0
       1
       0
       0
       0
       1
       0
       0
       0
       0
       0
       0
       0
       0
       0
       0
       1
       0
       0
       0
       0
       0
       0
       0
       0
       0
       0
       0
       0
       0
       1
       0
       1
       0
       0
       0
       0
       0
       0
       0
       1
       0
       0
       0
       0
       0
       0
       1
       0
       0
       0
       0
       0
       0
       0
       0
       1
       0
       1
       2
       0
       0
       0
       0
       0
       0
       0
       0
       0
       1
       0
       0
       0
       0
       0
       0
       0
       0
       0
       0
       0
       0
       0
       0
       0
       0
       0
       0
       0
       0
       0
       0
       0
       0
       0
       0
       0
       0
       0
       0
       0
       0
       0
       0
       0
       0
       0
       0
       0
       0
       0
       0
       0
       0
       0
       0
       0
       0
       0
       0
       0
       0
       0
       0
       0
       0
       2
       0
       0
       0
       0
       0
       0
       0
       0
       0
       0
       0
       0
       0
       0
       0
       0
       0
       0
       0
       0
       0
       0
       0
       1
       0
       1
       0
       0
       0
       0
       0
       0
       0
       0
       0
       0
       0
       0
       0
       1
       0
       0
       0
       0
       0
       0
       0
       0
       0
       1
       0
       0
       0
       0
       1
       0
       0
       0
       0
       1
       0
       0
       1
       1
       0
       0
       0
       0
       0
       0
       0
       0
       0
       0
       0
       0
       0
       0
       0
       0
       0
       0
       0
       0
       0
       0
       0
       0
       0
       0
       1
       0
       0
       0
       0
       0
       0
       0
       0
       0
       0
       0
       0
       0
       0
       0
       0
       0
       0
       0
       0
       0
       1
       0
       0
       0
       0
       1
       1
       0
       0
       0
       0
       1
       0
       0
       0
       1
       0
       0
       0
       0
       0
       0
       0
       0
       0
       1
       0
       0
       0
       0
       0
       0
       1
       0
       0
       0
       0
       0
       0
       0
       0
       0
       0
       0
       0
       0
       0
       0
       0
       0
       0
       0
       0
       0
       1
       0
       0
       0
       0
       0
       0
       0
       0
       0
       0
       0
       0
       0
       0
       0
       1
       0
       0
       0
       0
       1
       0
       0
       1
       0
       0
       0
       0
       0
       0
       0
       0
       0
       0
       0
       0
       0
       0
       0
       0
       0
       0
       0
       0
       0
       0
       0
       0
       0
       0
       0
       0
       0
       0
       0
       1
       0
       0
       0
       0
       0
       0
       1
       0
       0
       0
       0
       1
       0
       0
       0
       0
       0
       0
       1
       0
       1
       1
       0
       0
       1
       0
       0
       1
       0
       0
       1
       1
       0
       0
       0
       0
       0
       1
       0
       0
       1
       1
       0
       0
       1
       0
       1
       0
       0
       0
       0
       0
       0
       0
       0
       0
       0
       0
       0
       0
       0
       1
       0
       0
       0
       0
       0
       0
       0
       0
       0
       0
       0
       0
       1
       0
       0
       0
       0
       0
       0
       1
       0
       0
       0
       0
       0
       0
       0
       0
       0
       0
       1
       0
       0
       0
       0
       0
       2
       0
       0
       0
       0
       0
       0
       0
       0
       0
       0
       0
       0
       0
       0
       0
       0
       0
       0
       0
       0
       0
       0
       0
       0
       0
       1
       1
       0
       0
       0
       0
       0
       0
       0
       0
       0
       1
       0
       0
       0
       0
       0
       0
       0
       0
       0
       0
       0
       0
       0
       0
       0
       0
       0
       0
       1
       0
       1
       0
       0
       0
       0
       0
       0
       0
       0
       0
       1
       0
       0
       0
       0
       0
       0
       0
       0
       0
       0
       0
       0
       0
       0
       1
       0
       0
       0
       0
       1
       0
       0
       0
       0
       0
       0
       0
       0
       0
       0
       0
       0
       0
       0
       1
       1
       0
       0
       0
       0
       0
       0
       0
       0
       0
       0
       1
       0
       1
       0
       1
       0
       0
       0
       0
       0
       0
       0
       0
       1
       0
       0
       0
       0
       0
       0
       0
       0
       0
       0
       0
       0
       0
       0
       0
       0
       0
       0
       0
       0
       0
       0
       0
       1
       0
       0
       0
       0
       0
       0
       0
       0
       0
       0
       0
       0
       0
       0
       0
       0
       0
       0
       0
       0
       0
       0
       0
       0
       0
       0
       0
       0
       1
       0
       1
       0
       0
       0
       0
       0
       0
       0
       0
       0
       0
       0
       0
       0
       0
       0
       0
       0
       0
       0
       0
       0
       0
       0
       0
       0
       0
       0
       1
       0
       1
       0
       1
       0
       0
       0
       0
       1
       0
       0
       0
       0
       0
       0
       0
       0
       1
       0
       0
       0
       0
       0
       0
       0
       0
       0
       0
       0
       0
       0
       0
       0
       0
       0
       0
       0
       1
       0
       1
       0
       0
       0
       0
       0
       0
       0
       0
       0
       0
       0
       0
       0
       0
       0
       0
       0
       1
       1
       0
       0
       0
       0
       0
       0
       0
       0
       0
       0
       0
       1
       0
       0
       1
       0
       0
       0
       0
       0
       0
       0
       1
       1
       0
       0
       0
       0
       1
       0
       0
       0
       0
       0
       0
       0
       0
       0
       0
       0
       0
       1
       0
       0
       0
       1
       0
       0
       0
       0
       0
       0
       0
       0
       1
       0
       0
       0
       0
       0
       0
       0
       0
       0
       0
       0
       0
       0
       0
       0
       0
       0
       0
       0
       0
       0
       0
       0
       0
       0
       0
       0
       0
       0
       0
       0
       0
       0
       0
       0
       1
       1
       0
       0
       0
       0
       0
       0
       0
       1
       0
       0
       0
       0
       0
       0
       0
       0
       1
       0
       0
       0
       0
       0
       1
       0
       0
       0
       0
       0
       1
       0
       0
       0
       0
       0
       0
       0
       0
       0
       0
       0
       0
       0
       0
       0
       0
       0
       0
       0
       1
       0
       1
       0
       0
       1
       0
       0
       0
       0
       0
       0
       0
       0
       0
       0
       0
       0
       0
       0
       0
       0
       0
       0
       0
       0
       0
       0
       0
       0
       1
       0
       0
       0
       0
       0
       0
       0
       0
       0
       0
       0
       0
       0
       1
       0
       0
       0
       0
       0
       0
       1
       0
       0
       0
       0
       0
       0
       0
       0
       0
       0
       1
       0
       0
       1
       0
       0
       0
       0
       0
       0
       0
       1
       0
       0
       0
       0
       0
       0
       0
       0
       0
       0
       0
       0
       1
       0
       0
       0
       0
       0
       0
       0
       0
       0
       0
       0
       0
       0
       0
       0
       0
       0
       0
       0
       0
       0
       0
       0
       0
       0
       0
       0
       0
       0
       0
       0
       0
       1
       0
       0
       0
       0
       0
       0
       0
       0
       0
       0
       0
       0
       0
       0
       0
       0
       0
       0
       1
       0
       0
       0
       0
       0
       0
       0
       0
       0
       0
       0
       0
       1
       0
       0
       0
       0
       0
       0
       0
       0
       0
       0
       0
       0
       0
       0
       0
       0
       0
       1
       0
       0
       0
       0
       0
       0
       0
       0
       0
       0
       0
       0
       0
       0
       0
       0
       0
       0
       0
       0
       1
       0
       0
       0
       0
       0
       0
       0
       0
       0
       0
       0
       0
       0
       0
       0
       0
       0
       0
       0
       0
       0
       0
       0
       0
       0
       0
       0
       1
       1
       0
       0
       0
       0
       0
       0
       0
       0
       0
       1
       0
       0
       0
       1
       0
       0
       0
       0
       0
       0
       0
       0
       1
       0
       0
       0
       0
       0
       0
       0
       0
       0
       0
       0
       0
       0
       0
       0
       0
       0
       0
       0
       0
       0
       0
       0
       0
       0
       0
       0
       0
       0
       0
       0
       0
       0
       0
       0
       0
       0
       0
       1
       0
       0
       0
       1
       0
       0
       0
       0
       0
       0
       0
       0
       0
       0
       0
       0
       0
       0
       0
       0
       0
       0
       0
       0
       0
       0
       0
       0
       0
       1
       0
       0
       0
       0
       0
       0
       0
       0
       0
       0
       0
       0
       0
       0
       0
       0
       0
       1
       0
       0
       0
       0
       0
       0
       0
       0
       0
       0
       1
       0
       0
       0
       0
       0
       0
       0
       0
       0
       0
       0
       0
       0
       0
       0
       0
       0
       0
       0
       0
       0
       0
       0
       0
       0
       0
       0
       0
       0
       1
       0
       0
       0
       0
       0
       0
       0
       0
       0
       1
       0
       0
       0
       0
       0
       0
       0
       0
       0
       0
       0
       0
       0
       0
       0
       0
       0
       0
       0
       0
       0
       0
       0
       0
       0
       0
       0
       0
       0
       0
       0
       0
       0
       0
       0
       0
       0
       0
       1
       0
       0
       0
       0
       0
       0
       0
       0
       0
       0
       0
       0
       0
       0
       0
       0
       0
       0
       0
       0
       0
       0
       0
       0
       1
       0
       0
       0
       0
       0
       0
       0
       0
       0
       0
       0
       0
       0
       0
       0
       0
       0
       1
       0
       0
       0
       0
       0
       0
       0
       0
       0
       0
       1
       0
       0
       0
       0
       0
       0
       0
       0
       0
       0
       0
       0
       0
       0
       0
       0
       0
       0
       0
       0
       0
       0
       0
       0
       0
       0
       1
       0
       0
       0
       0
       0
       1
       0
       0
       0
       0
       0
       0
       0
       0
       0
       1
       0
       0
       0
       0
       0
       0
       0
       0
       0
       0
       0
       0
       0
       0
       0
       0
       0
       0
       0
       0
       0
       0
       0
       0
       0
       0
       0
       0
       0
       0
       0
       0
       0
       0
       0
       0
       0
       0
       0
       0
       0
       0
       0
       0
       0
       1
       0
       0
       0
       0
       0
       0
       0
       0
       1
       0
       0
       0
       0
       0
       0
       0
       1
       0
       0
       0
       0
       0
       0
       0
       1
       0
       0
       0
       0
       0
       0
       0
       0
       0
       0
       0
       0
       0
       1
       0
       0
       0
       0
       0
       0
       0
       0
       0
       0
       1
       0
       0
       0
       0
       0
       0
       0
       0
       0
       0
       0
       0
       0
       0
       0
       0
       0
       0
       1
       0
       0
       0
       0
       0
       0
       0
       0
       0
       0
       0
       0
       1
       0
       0
       0
       0
       0
       0
       0
       0
       0
       0
       0
       0
       0
       0
       0
       0
       1
       0
       0
       0
       0
       0
       0
       0
       0
       0
       0
       0
       0
       1
       0
       0
       0
       0
       0
       0
       0
       0
       0
       0
       0
       0
       0
       0
       0
       0
       0
       0
       0
       0
       0
       0
       0
       0
       0
       0
       0
       0
       0
       0
       0
       0
       0
       0
       0
       0
       0
       0
       0
       0
       0
       0
       0
       1
       1
       0
       0
       0
       0
       0
       0
       0
       0
       0
       0
       0
       0
       0
       0
       1
       0
       0
       0
       0
       0
       0
       0
       0
       0
       0
       0
       0
       0
       0
       0
       0
       0
       0
       0
       0
       0
       0
       0
       0
       0
       0
       0
       0
       0
       0
       0
       0
       0
       0
       0
       0
       0
       0
       0
       0
       0
       0
       0
       0
       0
       0
       0
       0
       0
       0
       0
       0
       0
       0
       0
       0
       0
       0
       0
       0
       0
       0
       0
       0
       0
       0
       0
       0
       0
       0
       0
       0
       0
       0
       0
       0
       0
       0
       0
       0
       0
       0
       0
       0
       0
       0
       0
       0
       0
       0
       0
       0
       0
       0
       0
       0
       0
       0
       0
       0
       0
       0
       0
       0
       0
       0
       0
       0
       0
       0
       0
       0
       0
       0
       0
       0
       0
       0
       0
       0
       0
       0
       0
       0
       0
       0
       0
       0
       0
       0
       0
       0
       0
       0
       0
       0
       0
       0
       0
       0
       0
       0
       0
       0
       0
       0
       0
       0
       0
       0
       0
       0
       0
       0
       0
       0
       0
       0
       0
       0
       0
       0
       0
       0
       0
       0
       0
       0
       0
       0
       0
       0
       0
       0
       0
       0
       0
       0
       0
       0
       0
       0
       0
       0
       0
       0
       0
       0
       0
       0
       0
       0
       0
       0
       0
       0
       0
       0
       0
       0
       0
       0
       0
       0
       0
       0
       0
       0
       0
       0
       0
       0
       0
       0
       0
       0
       0
       0
       0
       0
       0
       0
       0
       0
       0
       0
       0
       0
       0
       0
       0
       0
       0
       0
       0
       0
       0
       0
       0
       0
       0
       0
       0
       0
       0
       0
       0
       0
       0
       0
       0
       0
       0
       0
       0
       0
       0
       0
       0
       0
       0
       0
       0
       0
       0
       0
       0
       0
       0
       0
       0
       0
       0
       0
       0
       0
       0
       0
       0
       0
       0
       0
       0
       0
       0
       0
       0
       0
       0
       0
       0
       0
       0
       0
       0
       0
       0
       0
       0
       0
       0
       0
       0
       0
       0
       0
       0
       0
       0
       0
       0
       0
       0
       0
       0
       0
       0
       0
       0
       0
       0
       0
       0
       0
       0
       0
       0
       0
       0
       0
       0
       0
       0
       0
       0
       0
       0
       0
       0
       0
       0
       0
       0
       0
       0
       0
       0
       0
       0
       0
       0
       0
       0
       0
       0
       0
       0
       0
       0
       0
       0
       0
       0
       0
       0
       0
       0
       0
       0
       0
       0
       0
       0
       0
       0
       0
       0
       0
       0
       0
       0
       0
       0
       0
       0
       0
       0
       0
       0
       0
       0
       0
       0
       0
       0
       0
       0
       0
       0
       0
       0
       0
       0
       0
       0
       0
       0
       0
       0
       0
       0
       0
       0
       0
       0
       0
       0
       0
       0
       0
       0
       0
       0
       0
       0
       0
       0
       0
       0
       0
       0
       0
       0
       0
       0
       0
       0
       0
       0
       0
       0
       0
       0
       0
       0
       0
       0
       0
       0
       0
       0
       0
       0
       0
       0
       0
       0
       0
       0
       0
       0
       0
       0
       0
       0
       0
       0
       0
       0
       0
       0
       0
       0
       0
       0
       0
       0
       0
       0
       0
       0
       0
       0
       0
       0
       0
       0
       0
       0
       0
       0
       0
       0
       0
       0
       0
       0
       0
       0
       0
       0
       0
       0
       0
       0
       0
       0
       0
       0
       0
       0
       0
       0
       0
       0
       0
       0
       0
       0
       0
       0
       0
       0
       0
       0
       0
       0
       0
       0
       0
       0
       0
       0
       0
       0
       0
       0
       0
       0
       0
       0
       0
       0
       0
       0
       0
       0
       0
       0
       0
       0
       0
       0
       0
       0
       0
       0
       0
       0
       0
       0
       0
       0
       0
       0
       0
       0
       0
       0
       0
       0
       0
       0
       0
       0
       0
       0
       0
       0
       0
       0
       0
       0
       0
       0
       0
       0
       0
       0
       0
       0
       0
       0
       0
       0
       0
       0
       0
       0
       0
       0
       0
       0
       0
       0
       0
       0
       0
       0
       0
       0
       0
       0
       0
       0
       0
       0
       0
       0
       0
       0
       0
       0
       0
       0
       0
       0
       0