       0
       0
       0
       0
       0
       0
       0
       0
       3
       5
       7
      11
      11
      43
    1388
   11782
   27344
   33242
   34691
   44277
   67903
  261373
  375186
   16609
    6118
    1125
     597
     603
     510
     474
     387
     402
     366
     384
     415
     391
     354
     380
     364
     354
     344
     391
     351
     338
     397
     347
     372
     325
     407
     371
     362
     380
     356
     354
     363
     358
     374
     364
     356
     348
     348
     364
     384
     361
     367
     389
     375
     380
     370
     355
     377
     323
     326
     362
     356
     369
     332
     385
     345
     374
     375
     378
     379
     358
     360
     362
     389
     365
     365
     345
     384
     406
     352
     300
     349
     352
     392
     341
     387
     403
     376
     376
     363
     333
     387
     360
     365
     367
     390
     358
     373
     307
     376
     349
     338
     347
     358
     356
     397
     365
     404
     374
     374
     338
     398
     332
     328
     358
     381
     359
     363
     399
     377
     350
     371
     345
     355
     360
     394
     362
     370
     340
     388
     331
     368
     355
     359
     365
     352
     357
     390
     384
     349
     363
     342
     370
     343
     364
     347
     366
     376
     343
     391
     344
     379
     344
     361
     341
     390
     371
     413
     375
     395
     377
     385
     347
     362
     343
     348
     343
     359
     339
     372
     356
     353
     360
     370
     354
     362
     359
     358
     379
     384
     355
     382
     388
     325
     372
     353
     375
     385
     363
     330
     348
     361
     401
     374
     378
     410
     364
     346
     379
     333
     370
     353
     373
     384
     373
     379
     379
     353
     342
     367
     352
     373
     377
     378
     383
     344
     383
     365
     347
     332
     367
     363
     364
     393
     380
     351
     343
     371
     370
     341
     375
     364
     378
     363
     340
     333
     366
     364
     362
     367
     370
     360
     367
     399
     358
     355
     351
     353
     358
     354
     387
     361
     335
     390
     389
     397
     410
     386
     344
     364
     362
     381
     362
     349
     323
     374
     353
     348
     339
     409
     397
     407
     372
     373
     351
     367
     378
     353
     391
     405
     375
     340
     409
     391
     395
     377
     373
     331
     386
     357
     362
     402
     388
     398
     360
     376
     370
     410
     428
     371
     392
     388
     387
     379
     393
     403
     416
     374
     400
     372
     417
     375
     351
     415
     374
     398
     358
     370
     351
     364
     389
     358
     360
     399
     410
     410
     396
     373
     389
     405
     413
     383
     376
     405
     357
     434
     386
     380
     383
     351
     347
     394
     395
     438
     392
     342
     428
     384
     406
     356
     435
     412
     389
     424
     407
     407
     376
     373
     409
     414
     372
     427
     415
     405
     421
     354
     396
     385
     426
     394
     375
     392
     389
     427
     417
     400
     373
     447
     443
     386
     407
     416
     433
     399
     425
     414
     392
     407
     377
     364
     374
     418
     372
     395
     401
     391
     386
     392
     430
     384
     418
     393
     391
     388
     409
     429
     406
     392
     397
     380
     403
     397
     421
     397
     443
     391
     379
     440
     409
     410
     416
     396
     378
     396
     407
     415
     372
     368
     401
     383
     396
     395
     401
     409
     362
     428
     395
     405
     404
     359
     419
     400
     395
     431
     420
     388
     403
     383
     389
     467
     403
     404
     397
     392
     370
     389
     402
     412
     421
     406
     421
     394
     400
     404
     456
     369
     406
     345
     408
     407
     430
     397
     417
     418
     391
     386
     389
     382
     397
     400
     414
     423
     397
     349
     429
     384
     379
     421
     379
     442
     375
     390
     390
     385
     430
     385
     433
     405
     405
     416
     410
     416
     416
     380
     374
     435
     400
     446
     432
     388
     397
     391
     401
     373
     370
     407
     429
     449
     420
     415
     413
     402
     398
     381
     398
     414
     376
     423
     398
     410
     417
     397
     424
     399
     427
     414
     397
     421
     429
     416
     438
     420
     397
     402
     399
     412
     402
     398
     380
     409
     407
     424
     437
     400
     375
     435
     400
     387
     404
     451
     465
     416
     404
     428
     409
     404
     407
     441
     388
     434
     415
     408
     425
     408
     425
     414
     449
     408
     440
     413
     441
     427
     459
     397
     429
     434
     422
     411
     431
     426
     403
     466
     479
     412
     413
     401
     423
     428
     412
     409
     438
     405
     393
     426
     454
     411
     432
     377
     419
     362
     397
     412
     400
     431
     433
     433
     419
     414
     426
     449
     451
     415
     414
     457
     445
     487
     427
     465
     386
     446
     425
     396
     436
     433
     438
     442
     468
     437
     424
     454
     432
     441
     433
     413
     421
     434
     465
     478
     433
     425
     459
     433
     451
     457
     432
     412
     434
     444
     424
     462
     433
     443
     463
     426
     447
     465
     429
     463
     433
     444
     462
     492
     446
     458
     407
     440
     455
     468
     447
     445
     433
     420
     482
     472
     442
     455
     434
     422
     431
     449
     464
     429
     428
     413
     463
     461
     449
     456
     464
     481
     436
     460
     421
     438
     469
     451
     437
     437
     473
     438
     480
     414
     475
     440
     475
     457
     430
     447
     459
     475
     472
     476
     406
     466
     472
     484
     475
     484
     456
     459
     495
     496
     466
     461
     453
     477
     451
     452
     493
     515
     444
     450
     500
     466
     429
     479
     491
     447
     453
     478
     474
     464
     525
     477
     460
     494
     472
     493
     469
     444
     467
     477
     460
     495
     447
     454
     470
     473
     478
     427
     504
     484
     495
     501
     487
     475
     493
     464
     448
     532
     439
     475
     512
     477
     497
     486
     471
     469
     474
     476
     509
     458
     469
     501
     506
     490
     478
     487
     498
     478
     495
     480
     491
     467
     491
     500
     477
     508
     497
     493
     490
     521
     520
     496
     505
     488
     471
     510
     532
     547
     493
     492
     501
     456
     499
     514
     553
     500
     534
     482
     504
     540
     542
     531
     514
     521
     515
     500
     518
     531
     527
     542
     477
     545
     515
     550
     521
     561
     517
     545
     533
     499
     544
     546
     500
     558
     551
     587
     585
     583
     578
     537
     556
     544
     546
     543
     585
     542
     541
     550
     594
     572
     549
     550
     566
     612
     587
     573
     588
     539
     557
     562
     557
     636
     552
     614
     579
     556
     592
     557
     585
     601
     586
     608
     602
     618
     566
     605
     599
     599
     644
     604
     596
     631
     593
     616
     632
     608
     651
     639
     623
     592
     669
     627
     658
     676
     644
     692
     639
     611
     631
     625
     646
     599
     642
     638
     610
     632
     642
     682
     657
     648
     655
     644
     668
     620
     630
     649
     651
     658
     637
     669
     620
     657
     710
     666
     642
     626
     634
     605
     674
     597
     673
     630
     668
     668
     659
     688
     665
     665
     652
     643
     651
     627
     668
     648
     652
     655
     656
     631
     676
     665
     598
     611
     658
     621
     651
     707
     644
     639
     648
     653
     610
     602
     659
     661
     607
     630
     631
     587
     619
     639
     621
     573
     612
     614
     627
     642
     616
     652
     623
     589
     618
     601
     606
     592
     615
     597
     586
     551
     625
     579
     577
     586
     609
     609
     582
     599
     593
     565
     637
     587
     587
     583
     630
     546
     564
     558
     529
     612
     555
     559
     579
     573
     561
     532
     568
     593
     580
     564
     570
     579
     591
     566
     575
     560
     559
     556
     570
     557
     554
     543
     512
     541
     553
     549
     548
     559
     539
     543
     539
     559
     534
     578
     554
     522
     572
     521
     523
     563
     565
     526
     541
     592
     513
     535
     539
     560
     555
     559
     525
     510
     521
     539
     587
     519
     535
     528
     541
     493
     572
     531
     470
     534
     513
     530
     530
     577
     493
     546
     546
     553
     539
     528
     529
     534
     527
     490
     521
     538
     553
     526
     560
     505
     536
     548
     495
     511
     522
     529
     525
     562
     498
     557
     553
     497
     523
     519
     516
     492
     486
     517
     570
     484
     526
     507
     492
     553
     545
     500
     547
     529
     533
     572
     488
     522
     473
     483
     485
     514
     559
     519
     521
     540
     542
     531
     506
     514
     546
     514
     494
     562
     522
     484
     548
     494
     491
     550
     505
     499
     525
     548
     521
     516
     547
     508
     502
     545
     508
     506
     509
     520
     529
     486
     527
     510
     512
     497
     552
     525
     536
     539
     535
     471
     508
     489
     507
     512
     517
     551
     512
     521
     542
     508
     487
     471
     509
     518
     538
     488
     527
     530
     508
     522
     521
     501
     518
     490
     514
     516
     543
     517
     546
     503
     512
     509
     511
     487
     495
     536
     516
     510
     480
     498
     495
     503
     516
     497
     495
     511
     504
     481
     472
     456
     448
     517
     522
     505
     467
     485
     483
     462
     482
     493
     491
     484
     465
     493
     496
     468
     543
     510
     481
     480
     491
     472
     514
     468
     499
     487
     495
     507
     508
     478
     467
     473
     522
     455
     498
     477
     469
     478
     485
     508
     507
     507
     473
     502
     469
     479
     499
     470
     498
     460
     484
     478
     505
     499
     506
     463
     481
     449
     464
     446
     472
     495
     473
     496
     466
     490
     451
     487
     473
     479
     491
     462
     460
     474
     478
     424
     466
     468
     496
     461
     447
     430
     465
     430
     477
     508
     462
     466
     469
     443
     437
     446
     465
     478
     461
     509
     452
     501
     485
     448
     454
     456
     461
     445
     472
     436
     450
     435
     443
     430
     435
     485
     478
     452
     459
     467
     448
     449
     428
     433
     476
     442
     456
     421
     467
     460
     419
     451
     449
     445
     405
     449
     482
     481
     450
     451
     458
     439
     449
     448
     431
     437
     472
     441
     453
     444
     420
     447
     425
     446
     467
     486
     476
     420
     423
     452
     399
     391
     441
     441
     456
     424
     430
     412
     396
     450
     415
     412
     462
     408
     409
     438
     420
     397
     443
     462
     448
     385
     423
     412
     402
     406
     452
     438
     418
     416
     403
     465
     435
     395
     436
     441
     414
     445
     439
     406
     415
     417
     444
     424
     429
     429
     422
     435
     425
     407
     386
     427
     416
     437
     414
     466
     362
     419
     390
     394
     423
     411
     407
     396
     404
     411
     374
     388
     450
     401
     383
     393
     413
     402
     384
     400
     419
     422
     411
     413
     417
     402
     427
     402
     407
     390
     396
     422
     379
     399
     377
     429
     440
     424
     397
     379
     419
     412
     353
     405
     424
     402
     420
     444
     354
     422
     410
     410
     404
     451
     403
     411
     409
     391
     406
     375
     426
     417
     420
     375
     386
     395
     416
     364
     387
     373
     404
     419
     374
     404
     418
     420
     422
     439
     414
     419
     421
     411
     372
     407
     393
     440
     372
     394
     376
     398
     347
     399
     405
     369
     407
     409
     385
     433
     371
     378
     402
     386
     362
     386
     397
     386
     407
     417
     415
     434
     399
     409
     403
     422
     404
     399
     400
     410
     426
     396
     414
     429
     381
     389
     398
     411
     400
     421
     436
     383
     375
     388
     397
     417
     374
     395
     400
     377
     413
     399
     424
     376
     384
     353
     376
     383
     438
     357
     378
     410
     354
     404
     409
     363
     383
     370
     365
     415
     405
     371
     373
     447
     396
     374
     384
     403
     371
     373
     399
     423
     406
     382
     377
     382
     397
     366
     414
     396
     422
     389
     385
     394
     421
     415
     400
     328
     415
     440
     410
     396
     396
     399
     390
     368
     401
     417
     387
     375
     393
     411
     375
     388
     415
     373
     388
     399
     401
     414
     381
     395
     392
     389
     394
     387
     346
     383
     398
     374
     368
     387
     409
     372
     387
     426
     418
     371
     409
     392
     405
     393
     386
     401
     397
     418
     374
     362
     405
     382
     407
     374
     401
     385
     350
     350
     403
     389
     422
     371
     376
     406
     365
     384
     383
     397
     397
     383
     373
     377
     384
     382
     370
     393
     377
     359
     359
     378
     379
     384
     381
     395
     412
     342
     362
     374
     310
     390
     410
     364
     367
     373
     342
     379
     386
     345
     392
     378
     366
     364
     306
     411
     344
     376
     337
     393
     374
     354
     345
     343
     374
     346
     375
     378
     382
     340
     377
     341
     357
     372
     374
     368
     356
     372
     370
     331
     309
     364
     356
     331
     336
     370
     330
     345
     324
     377
     350
     335
     346
     336
     350
     335
     308
     359
     322
     337
     346
     302
     318
     321
     310
     327
     308
     317
     323
     308
     315
     344
     317
     345
     313
     325
     293
     280
     343
     331
     305
     328
     287
     292
     306
     324
     305
     274
     290
     321
     278
     280
     275
     323
     306
     284
     271
     295
     238
     284
     262
     267
     280
     292
     271
     278
     253
     257
     281
     262
     293
     270
     273
     260
     290
     264
     245
     250
     267
     227
     257
     215
     258
     233
     238
     271
     267
     245
     257
     255
     245
     260
     230
     238
     240
     261
     248
     239
     217
     226
     218
     203
     222
     223
     212
     221
     234
     233
     228
     217
     234
     216
     238
     211
     183
     204
     214
     227
     225
     209
     181
     197
     196
     209
     203
     188
     178
     178
     197
     225
     212
     188
     194
     168
     181
     198
     194
     198
     182
     161
     157
     193
     160
     162
     170
     194
     183
     200
     172
     163
     168
     184
     170
     153
     163
     176
     161
     167
     171
     159
     179
     198
     176
     185
     155
     182
     155
     173
     152
     177
     156
     153
     172
     173
     152
     156
     167
     141
     163
     155
     170
     142
     154
     162
     151
     144
     154
     157
     166
     147
     165
     139
     169
     147
     134
     126
     154
     160
     124
     146
     139
     132
     140
     144
     157
     130
     147
     135
     120
     156
     128
     132
     135
     119
     124
     155
     144
     139
     146
     149
     150
     165
     144
     146
     116
     135
     129
     136
     125
     126
     140
     131
     128
     136
     107
     139
     139
     124
     117
     135
     125
     120
     127
     134
      99
     125
     130
     119
     106
     126
     129
     136
     127
     139
     116
     142
     123
     133
     133
     119
     142
     161
     109
     113
     128
     128
     115
      98
     125
     101
     134
     129
     118
     107
     128
     119
     141
     115
     118
     120
     123
     116
     114
     117
     113
     112
      98
     110
      99
     107
     136
     119
     121
     124
     114
     116
     124
     110
     106
     107
     123
     116
     111
     113
     110
     112
     105
     127
     120
     127
     105
     102
      87
     109
     107
     112
     116
     105
     102
     104
      93
      97
      92
     109
     114
     121
      95
     106
     106
     126
     106
     112
     113
      97
     120
      89
      98
     106
     114
     111
     112
     119
     102
     119
     108
      94
     104
      99
     106
     112
     111
     108
      86
     101
      93
     117
     103
     102
     107
     109
     107
     110
     110
      87
     104
      96
     113
      99
     123
     111
     103
     122
      92
     105
     110
      97
     104
      96
      93
      83
     111
      85
      84
      86
      96
     105
      92
      85
     101
     102
      93
     104
     107
      88
     101
      82
      87
     100
      97
      88
      92
     102
      95
      78
     107
      98
     107
      96
      84
      94
      79
      97
     111
     101
      91
     109
     112
      97
      77
      90
      82
      73
      90
     104
      87
     100
      76
     101
      94
      90
      98
      91
     108
      91
      82
      93
      90
      93
     106
      87
     105
      88
      93
      93
      94
      97
      79
      85
      84
      91
      89
      78
      75
     108
      94
      92
      89
     104
      91
      94
      78
     100
      93
      82
      94
      72
      96
     105
     103
      99
      89
      81
      90
      81
     103
      83
     102
     101
     117
      97
      96
      80
     112
      98
     101
      82
      94
      88
      73
      96
      75
      64
      75
      90
      78
      71
      79
      77
      90
      90
      78
      90
      95
      79
      84
      87
      82
      81
      69
      80
      76
      99
      98
      89
      96
      93
      88
      88
      88
      96
      89
      82
      79
      99
     111
     101
      87
      75
      80
      86
     103
      86
      86
      87
      77
      68
      84
     103
      67
      86
      78
      68
      86
      95
      97
      83
      77
      87
      96
      96
      90
      81
      87
     100
      91
      90
      85
      83
      83
      89
      89
      89
     103
      85
      77
      97
      84
      85
      77
      90
      63
      99
      87
      96
      72
      89
      88
      96
      81
      86
      85
      87
      93
      76
      88
      71
     103
      82
      89
      91
      90
      87
      97
      71
      70
      77
      95
      78
      77
      84
      72
      95
      76
      90
      81
     100
      90
      90
      82
      93
      76
      87
      82
      86
      99
      82
      89
      71
      88
      98
      86
      83
      98
     101
      82
      95
     100
      79
      89
     100
      70
      94
      79
      94
     100
      83
      83
      78
      95
     114
      80
      81
     101
      92
      99
      83
     114
      87
      87
     108
      76
      93
      89
      86
     118
      79
      94
     101
      93
     121
     103
      97
     115
      92
      97
      90
      96
      94
      95
      94
      91
     105
     111
     105
      87
      98
      93
     114
     117
     110
      97
     109
     102
      98
     110
     117
     101
      99
     123
     114
     131
      94
      85
     116
     116
      74
      98
     115
     117
     100
     117
     114
      93
     119
     110
     110
     115
     125
     129
     113
     123
     110
     119
     144
     132
     126
     137
     129
     146
     142
     124
     114
     119
     120
     139
     117
     123
     129
     142
     128
     143
     155
     122
     144
     144
     139
     165
     138
     149
     151
     145
     132
     163
     173
     153
     161
     160
     158
     149
     162
     147
     177
     167
     148
     169
     161
     194
     166
     169
     180
     166
     173
     180
     184
     192
     187
     191
     185
     198
     207
     175
     182
     186
     211
     205
     176
     222
     224
     200
     231
     207
     200
     216
     218
     224
     247
     228
     235
     248
     233
     250
     244
     264
     232
     256
     242
     276
     255
     298
     256
     258
     267
     266
     273
     276
     296
     288
     252
     290
     290
     295
     324
     282
     299
     305
     339
     345
     290
     312
     348
     329
     351
     352
     350
     371
     375
     331
     352
     377
     365
     398
     379
     391
     423
     400
     400
     383
     395
     408
     390
     418
     367
     456
     455
     448
     423
     435
     435
     445
     493
     460
     482
     464
     501
     516
     528
     517
     544
     534
     504
     550
     608
     577
     549
     597
     576
     562
     623
     604
     656
     591
     646
     655
     699
     673
     653
     661
     696
     715
     745
     716
     736
     740
     784
     780
     761
     793
     782
     817
     830
     832
     798
     887
     866
     877
     934
     893
     921
     940
     944
     995
     952
     979
     979
    1052
    1100
    1050
    1029
    1155
    1088
    1050
    1112
    1126
    1225
    1236
    1217
    1184
    1260
    1240
    1199
    1303
    1241
    1297
    1349
    1341
    1354
    1447
    1466
    1386
    1429
    1485
    1456
    1505
    1504
    1578
    1587
    1571
    1677
    1578
    1636
    1674
    1628
    1706
    1730
    1688
    1806
    1813
    1788
    1900
    1824
    1925
    1923
    1867
    1982
    1986
    2028
    2044
    2012
    2039
    2055
    2172
    2203
    2135
    2137
    2212
    2160
    2158
    2188
    2210
    2200
    2302
    2287
    2286
    2380
    2390
    2298
    2375
    2416
    2416
    2388
    2556
    2483
    2564
    2506
    2545
    2508
    2464
    2557
    2620
    2591
    2692
    2686
    2690
    2686
    2732
    2705
    2645
    2627
    2626
    2810
    2733
    2653
    2841
    2850
    2681
    2670
    2727
    2699
    2742
    2693
    2756
    2773
    2709
    2739
    2758
    2835
    2684
    2737
    2752
    2706
    2727
    2683
    2816
    2773
    2782
    2691
    2718
    2657
    2685
    2693
    2608
    2669
    2616
    2550
    2555
    2567
    2522
    2549
    2555
    2517
    2474
    2527
    2367
    2427
    2332
    2416
    2352
    2437
    2373
    2368
    2403
    2281
    2315
    2231
    2285
    2196
    2139
    2120
    2175
    2106
    2050
    2053
    1986
    1996
    1916
    1948
    1894
    1931
    1899
    1863
    1790
    1777
    1756
    1807
    1711
    1708
    1664
    1658
    1603
    1610
    1495
    1585
    1537
    1481
    1483
    1463
    1467
    1349
    1352
    1376
    1326
    1263
    1255
    1188
    1215
    1202
    1133
    1128
    1057
    1137
    1038
    1088
     996
    1021
     964
    1002
     931
     912
     950
     898
     839
     822
     852
     852
     796
     791
     773
     749
     747
     701
     658
     692
     638
     640
     661
     600
     581
     575
     571
     566
     520
     490
     516
     541
     493
     483
     481
     445
     441
     463
     401
     410
     396
     370
     406
     398
     378
     359
     357
     355
     317
     335
     307
     317
     300
     314
     288
     304
     255
     270
     268
     264
     241
     260
     238
     240
     212
     234
     200
     214
     203
     238
     204
     211
     211
     185
     174
     179
     184
     163
     192
     156
     144
     174
     154
     155
     153
     140
     140
     151
     134
     148
     134
     125
     124
     133
     119
     126
     129
     104
     136
     107
     103
     118
     129
     112
     121
     135
      98
      98
     102
     101
      86
     110
     106
     103
      96
     100
     109
      94
      68
      82
      83
      78
      83
      97
      85
      78
      90
     102
      65
      79
      74
      87
      86
      75
      76
      80
      58
      79
      69
      55
      65
      78
      71
      87
      67
      73
      65
      60
      68
      68
      59
      69
      67
      66
      68
      68
      85
      60
      68
      76
      65
      66
      68
      59
      54
      68
      75
      70
      65
      74
      72
      62
      61
      64
      78
      58
      47
      69
      67
      67
      49
      51
      76
      62
      53
      62
      61
      54
      49
      59
      69
      56
      61
      49
      67
      45
      78
      70
      81
      46
      62
      58
      51
      68
      64
      49
      37
      63
      73
      50
      57
      63
      63
      57
      64
      59
      69
      59
      68
      60
      54
      51
      60
      44
      59
      65
      54
      55
      58
      60
      58
      65
      63
      54
      65
      57
      63
      54
      53
      62
      46
      49
      60
      54
      53
      53
      61
      75
      76
      52
      47
      59
      51
      61
      53
      60
      40
      33
      72
      49
      57
      44
      59
      57
      63
      49
      53
      59
      54
      63
      61
      60
      76
      61
      57
      64
      57
      54
      57
      39
      55
      64
      57
      58
      47
      55
      66
      61
      54
      40
      56
      44
      52
      68
      55
      52
      54
      54
      62
      67
      58
      60
      49
      65
      42
      66
      47
      47
      48
      56
      55
      48
      54
      59
      55
      53
      47
      42
      70
      59
      47
      43
      61
      54
      66
      55
      50
      61
      47
      55
      49
      60
      64
      56
      56
      49
      55
      55
      66
      64
      56
      48
      49
      61
      69
      58
      51
      56
      59
      67
      53
      55
      51
      64
      48
      51
      64
      58
      53
      67
      64
      50
      72
      63
      44
      58
      59
      62
      44
      55
      38
      57
      58
      54
      46
      55
      51
      57
      62
      50
      50
      68
      51
      58
      56
      50
      57
      62
      54
      71
      58
      55
      51
      52
      59
      49
      47
      49
      57
      55
      42
      48
      44
      51
      51
      56
      58
      70
      57
      65
      67
      56
      58
      62
      55
      61
      62
      58
      54
      55
      49
      40
      52
      57
      50
      57
      58
      59
      51
      52
      54
      40
      52
      55
      47
      50
      58
      63
      45
      59
      55
      53
      55
      43
      55
      55
      66
      65
      60
      53
      64
      51
      73
      55
      48
      54
      49
      68
      45
      46
      55
      57
      56
      53
      61
      63
      54
      58
      52
      63
      47
      67
      54
      54
      43
      56
      58
      64
      59
      53
      54
      53
      53
      59
      48
      43
      58
      60
      59
      48
      65
      49
      53
      57
      57
      55
      51
      60
      63
      57
      70
      61
      46
      43
      62
      67
      52
      46
      52
      53
      70
      65
      59
      48
      53
      64
      54
      51
      52
      48
      63
      51
      49
      61
      68
      35
      54
      44
      47
      53
      58
      47
      67
      50
      61
      54
      54
      55
      53
      54
      46
      73
      48
      53
      38
      61
      48
      38
      51
      50
      69
      49
      55
      62
      48
      63
      54
      64
      54
      46
      41
      49
      53
      66
      52
      42
      62
      53
      61
      46
      67
      58
      67
      60
      66
      48
      58
      58
      62
      60
      42
      59
      55
      64
      56
      53
      49
      60
      63
      60
      58
      52
      58
      43
      62
      75
      61
      63
      46
      60
      40
      59
      53
      68
      63
      57
      49
      40
      58
      64
      49
      57
      61
      72
      34
      32
      55
      47
      63
      46
      64
      47
      42
      64
      45
      65
      56
      50
      67
      83
      47
      52
      60
      57
      67
      54
      70
      60
      53
      55
      53
      60
      48
      55
      55
      51
      47
      74
      70
      72
      48
      59
      58
      62
      67
      50
      57
      63
      63
      56
      56
      61
      61
      50
      55
      52
      50
      53
      71
      61
      56
      48
      53
      38
      61
      62
      65
      56
      62
      57
      69
      47
      54
      52
      49
      55
      41
      58
      65
      67
      62
      57
      51
      66
      62
      45
      53
      57
      55
      61
      63
      61
      56
      61
      45
      56
      53
      54
      55
      59
      51
      53
      53
      57
      43
      59
      55
      48
      58
      41
      54
      64
      58
      63
      57
      45
      57
      51
      52
      66
      47
      63
      62
      61
      61
      58
      70
      73
      40
      60
      40
      49
      60
      61
      56
      68
      58
      61
      69
      68
      53
      66
      58
      60
      53
      53
      60
      68
      52
      57
      59
      51
      67
      65
      48
      57
      60
      62
      60
      55
      54
      50
      48
      46
      52
      54
      56
      50
      41
      62
      50
      69
      48
      50
      50
      55
      38
      52
      55
      62
      61
      59
      60
      58
      64
      68
      56
      62
      54
      46
      53
      45
      57
      49
      49
      49
      57
      49
      40
      52
      59
      56
      49
      39
      65
      54
      56
      55
      65
      74
      57
      63
      49
      65
      58
      65
      57
      67
      47
      70
      52
      57
      37
      42
      55
      51
      71
      52
      50
      50
      43
      64
      49
      56
      50
      59
      54
      37
      49
      44
      57
      48
      59
      64
      80
      48
      66
      48
      58
      58
      60
      68
      64
      51
      57
      57
      54
      50
      59
      51
      62
      49
      63
      57
      53
      66
      65
      57
      57
      53
      60
      59
      54
      56
      71
      53
      60
      61
      58
      70
      52
      68
      67
      64
      51
      58
      61
      66
      49
      74
      59
      52
      61
      65
      60
      66
      60
      56
      57
      56
      61
      54
      64
      46
      54
      55
      61
      65
      44
      53
      55
      64
      48
      48
      59
      66
      54
      57
      60
      56
      53
      47
      66
      47
      64
      63
      58
      61
      65
      53
      63
      54
      58
      59
      51
      55
      48
      55
      63
      53
      55
      64
      54
      54
      49
      53
      54
      55
      44
      52
      51
      60
      59
      56
      44
      39
      56
      54
      67
      68
      52
      60
      51
      63
      50
      62
      55
      60
      44
      46
      50
      56
      58
      56
      74
      54
      58
      50
      59
      63
      57
      48
      59
      64
      49
      55
      57
      49
      50
      45
      52
      63
      46
      60
      39
      54
      57
      61
      59
      63
      52
      73
      53
      63
      55
      70
      59
      49
      48
      61
      58
      57
      51
      58
      58
      52
      53
      54
      41
      49
      67
      62
      48
      55
      59
      55
      44
      56
      57
      40
      60
      63
      55
      43
      54
      57
      51
      47
      71
      59
      47
      65
      51
      56
      60
      62
      46
      55
      56
      55
      63
      51
      48
      55
      54
      49
      51
      58
      54
      36
      61
      64
      64
      59
      62
      56
      63
      66
      62
      58
      61
      44
      54
      60
      45
      50
      66
      57
      55
      71
      49
      54
      61
      54
      67
      49
      53
      66
      76
      50
      58
      61
      45
      51
      53
      51
      57
      53
      57
      63
      63
      37
      57
      60
      63
      45
      80
      58
      66
      51
      48
      70
      53
      71
      76
      45
      71
      74
      64
      60
      53
      55
      55
      49
      51
      43
      73
      59
      56
      58
      64
      56
      54
      57
      54
      47
      59
      63
      58
      60
      40
      58
      65
      55
      56
      59
      72
      74
      66
      60
      60
      55
      59
      53
      60
      56
      72
      55
      61
      48
      43
      51
      59
      50
      57
      59
      58
      59
      58
      48
      58
      57
      63
      47
      72
      42
      62
      62
      57
      66
      44
      47
      75
      65
      54
      63
      70
      61
      49
      51
      55
      50
      51
      60
      53
      60
      54
      45
      63
      55
      54
      47
      59
      59
      50
      55
      50
      58
      58
      62
      58
      58
      45
      57
      77
      57
      54
      67
      59
      54
      50
      58
      67
      53
      53
      72
      59
      48
      52
      57
      57
      67
      62
      55
      59
      64
      62
      64
      43
      49
      69
      63
      63
      54
      69
      54
      52
      60
      60
      60
      60
      53
      51
      70
      65
      53
      47
      43
      55
      59
      64
      59
      61
      64
      66
      51
      64
      50
      49
      56
      57
      46
      57
      58
      53
      61
      55
      50
      51
      62
      52
      50
      67
      60
      50
      55
      59
      71
      44
      64
      63
      68
      55
      51
      59
      60
      56
      60
      40
      61
      52
      59
      56
      54
      48
      51
      57
      73
      53
      57
      50
      55
      49
      61
      52
      56
      62
      69
      53
      63
      57
      69
      66
      60
      49
      51
      58
      59
      52
      67
      64
      49
      54
      65
      38
      59
      47
      57
      46
      67
      53
      62
      71
      58
      64
      63
      50
      48
      66
      55
      49
      57
      54
      45
      58
      56
      53
      60
      53
      60
      62
      69
      60
      68
      64
      56
      50
      59
      44
      50
      74
      62
      41
      53
      49
      68
      80
      43
      63
      54
      45
      56
      65
      53
      53
      50
      52
      58
      58
      51
      61
      59
      63
      66
      52
      54
      56
      66
      79
      63
      57
      54
      58
      52
      52
      58
      61
      53
      55
      63
      54
      58
      59
      57
      48
      74
      49
      51
      53
      59
      64
      72
      59
      48
      60
      49
      55
      61
      62
      74
      70
      56
      61
      52
      61
      46
      67
      60
      47
      49
      62
      45
      58
      54
      62
      77
      57
      55
      60
      62
      50
      62
      60
      44
      51
      56
      65
      76
      63
      56
      58
      59
      55
      46
      63
      64
      59
      63
      64
      58
      52
      59
      58
      75
      62
      63
      54
      53
      57
      37
      51
      54
      53
      55
      47
      51
      62
      54
      52
      74
      51
      58
      59
      66
      58
      45
      53
      57
      47
      48
      68
      50
      57
      60
      57
      55
      60
      60
      57
      56
      54
      58
      60
      67
      55
      69
      44
      60
      59
      55
      53
      58
      70
      54
      57
      64
      59
      60
      51
      51
      67
      73
      50
      58
      60
      63
      53
      56
      41
      58
      56
      61
      55
      62
      58
      69
      57
      60
      65
      52
      55
      55
      43
      49
      70
      53
      64
      65
      77
      75
      57
      60
      53
      53
      56
      46
      64
      53
      57
      46
      65
      63
      50
      65
      61
      61
      46
      55
      53
      58
      58
      75
      61
      51
      63
      67
      41
      61
      56
      59
      63
      62
      50
      70
      52
      61
      52
      56
      60
      69
      60
      59
      47
      63
      70
      50
      50
      65
      59
      53
      62
      52
      57
      63
      61
      68
      54
      51
      65
      57
      65
      49
      53
      67
      50
      63
      63
      62
      53
      44
      66
      54
      61
      50
      60
      67
      61
      58
      62
      60
      62
      54
      58
      49
      61
      55
      53
      54
      66
      62
      55
      60
      43
      53
      65
      68
      67
      68
      67
      59
      61
      69
      64
      45
      63
      74
      64
      67
      64
      61
      76
      52
      49
      47
      61
      60
      70
      50
      64
      51
      62
      81
      59
      72
      59
      56
      42
      67
      54
      69
      60
      61
      59
      63
      57
      48
      62
      68
      64
      55
      54
      70
      69
      68
      57
      64
      60
      74
      65
      62
      57
      58
      58
      57
      55
      66
      64
      66
      53
      66
      48
      66
      61
      54
      54
      49
      49
      65
      62
      71
      52
      64
      65
      55
      64
      63
      55
      74
      66
      65
      49
      69
      63
      70
      61
      57
      52
      67
      51
      59
      60
      65
      58
      61
      64
      66
      55
      58
      74
      61
      58
      68
      68
      64
      73
      59
      61
      75
      63
      54
      54
      68
      65
      57
      53
      51
      54
      63
      70
      72
      65
      70
      54
      70
      51
      57
      63
      56
      63
      60
      58
      63
      60
      61
      52
      68
      52
      74
      51
      75
      58
      58
      63
      63
      78
      63
      59
      60
      44
      70
      68
      73
      71
      58
      65
      56
      68
      51
      71
      52
      65
      57
      58
      68
      53
      65
      59
      61
      56
      51
      59
      67
      69
      68
      77
      59
      60
      57
      62
      48
      57
      67
      66
      54
      76
      69
      72
      57
      60
      61
      54
      61
      65
      68
      70
      71
      69
      64
      61
      69
      63
      56
      59
      70
      67
      49
      57
      52
      62
      58
      47
      62
      47
      71
      52
      62
      66
      51
      73
      76
      58
      67
      62
      63
      51
      67
      48
      60
      65
      62
      69
      59
      54
      65
      51
      64
      74
      62
      50
      70
      53
      73
      72
      62
      70
      55
      70
      61
      62
      71
      52
      62
      58
      57
      68
      70
      60
      66
      63
      62
      66
      64
      63
      55
      60
      53
      72
      51
      67
      80
      81
      70
      74
      56
      63
      61
      63
      66
      81
      58
      55
      85
      55
      73
      66
      59
      63
      54
      59
      67
      63
      68
      62
      66
      60
      55
      66
      75
      76
      62
      49
      54
      63
      61
      50
      68
      58
      55
      62
      71
      63
      72
      81
      63
      57
      62
      68
      69
      53
      52
      65
      68
      56
      61
      50
      51
      69
      79
      67
      71
      48
      51
      66
      67
      58
      57
      72
      65
      78
      45
      70
      65
      66
      51
      71
      55
      64
      67
      76
      58
      55
      68
      54
      79
      74
      67
      74
      68
      67
      58
      73
      56
      69
      65
      72
      77
      65
      75
      68
      59
      59
      63
      64
      72
      66
      64
      71
      70
      75
      63
      54
      69
      73
      45
      66
      66
      51
      68
      62
      69
      58
      68
      70
      57
      69
      60
      56
      69
      73
      66
      59
      61
      58
      91
      86
      59
      47
      62
      73
      47
      67
      74
      74
      68
      67
      65
      63
      70
      57
      70
      69
      72
      57
      67
      71
      56
      61
      71
      71
      60
      63
      59
      74
      75
      71
      61
      62
      75
      63
      73
      58
      76
      61
      67
      83
      62
      77
      67
      69
      62
      72
      69
      64
      72
      80
      68
      74
      55
      69
      64
      56
      41
      73
      60
      89
      51
      53
      69
      81
      65
      82
      54
      67
      79
      58
      67
      77
      58
      78
      69
      69
      64
      56
      62
      66
      66
      77
      67
      69
      69
      78
      76
      74
      63
      76
      72
      86
      67
      58
      69
      45
      60
      91
      70
      86
      78
      58
      76
      63
      61
      74
      65
      58
      60
      70
      79
      71
      88
      77
      68
      86
      91
      73
      73
      61
      73
      69
      72
      80
      72
      64
      60
      53
      78
      80
      69
      64
      68
      68
      79
      83
      63
      71
      86
      48
      78
      84
      73
      80
      70
      74
      65
      65
      76
      67
      70
      67
      85
      59
      59
      71
      53
      82
      51
      76
      77
      52
      79
      73
      74
      59
      76
      73
      89
      55
      84
      62
      83
      83
      78
      69
      84
      86
      80
      70
      79
      65
      68
      79
      77
      75
      81
      83
      71
      57
      76
      75
      66
      65
      72
      74
      79
      79
      79
      65
      69
      69
      67
      46
      70
      73
      64
      50
      64
      73
      65
      81
      77
      72
      69
      80
      69
      78
      69
      65
      76
      62
      69
      75
      84
      70
      64
      76
      70
      73
      58
      68
      67
      80
      69
      74
      61
      68
      73
      68
      73
      58
      71
      67
      77
      86
      77
      80
      71
      85
      70
      84
      79
      59
      77
      62
      68
      66
      62
      70
      70
      69
      74
      82
      71
      80
      89
      65
      86
      78
      79
      95
      71
      72
      90
      80
      83
      72
      66
      71
      86
      76
      83
      91
      72
      79
      78
      84
      68
      83
      62
      72
      69
      66
      69
      83
      62
      70
      81
      80
      94
      85
      90
      74
      94
      90
      84
      73
      69
      78
      74
      81
      68
      74
      66
      71
      78
      79
      80
      56
      73
      88
      66
      77
      70
      78
      67
      82
      84
      80
      75
      67
      85
      78
      93
      77
      76
      75
      89
      82
      65
      75
      76
      57
      90
      85
      95
      75
      68
      64
      80
      89
      78
      80
      80
      73
      75
      71
      70
      74
      79
      59
      79
      79
      86
      80
      79
      79
      80
      76
      83
      74
      81
      80
      79
      96
      71
      91
      78
      79
      82
      79
      77
      75
      86
      74
      78
      62
      62
      70
      81
      93
      82
      88
      69
      72
      76
      81
      72
      78
      68
     103
      80
      88
      80
      83
      68
      78
      76
      85
      75
      81
      88
      95
      64
      63
      67
      76
      85
      94
      63
      82
      77
      76
      87
      86
      82
      70
      77
      83
      74
      61
      89
      76
      73
      78
      74
      68
      75
      85
      96
      68
      73
      87
      89
      77
      90
      80
      85
      87
      92
      80
      75
      85
      78
      81
      69
      90
      78
      81
      72
      92
      86
      72
      82
      96
      90
      79
      82
      84
      84
     101
      94
      86
      97
      84
      78
      92
      88
      81
      81
      66
      97
      94
      80
      71
      74
      93
      79
     113
      72
      63
      81
      84
      89
      90
      78
      80
      96
      84
     104
      82
      84
      79
      68
      66
      97
      53
      69
      89
      75
      83
      94
      76
      76
      79
      80
      78
      97
      78
      76
      77
      89
      77
      95
      87
      94
      93
      91
      84
      90
      72
      89
      92
      78
      86
      86
      89
      86
      72
      90
      84
      83
      79
      82
      84
      84
      66
      81
      98
     104
      88
      87
      94
     108
      78
      87
      91
      80
      86
      88
      67
      88
      93
      79
      85
      79
      81
      93
     104
      78
      84
      87
      71
      88
      64
      98
      82
      74
      72
      92
      80
      88
      79
      83
      98
      77
     100
      94
      68
     100
      73
      93
      79
     102
      84
      85
      90
      91
      82
      88
      80
     105
      81
      82
      78
      86
      80
      80
      77
     102
      86
      92
      98
      70
      98
      94
      92
      83
      95
      92
      91
      90
      90
      88
      89
      89
      97
      96
     101
      94
      93
     101
      89
      90
      80
      83
      81
     107
      84
      79
     124
      69
      79
     107
      95
      95
      84
      96
      89
      73
      94
      93
      83
     107
      94
      74
      76
     100
      96
     109
      97
     100
     102
      83
      85
      90
      98
      84
      90
      77
      89
      75
      90
      99
      86
     101
      87
      86
      89
      95
      78
      97
      94
      90
     108
      85
      85
      79
      93
      64
      77
      72
      84
      70
      85
      68
     100
      91
      87
      85
      88
      78
     103
      94
      81
      92
      78
      83
      95
     101
      85
      75
      79
      82
      83
      79
      87
      96
      75
      88
      80
      76
      81
      83
      80
      86
      91
      86
      78
      85
      86
      87
      86
      94
      90
      80
      85
      85
      87
      85
      86
      88
      96
      72
      94
      67
     101
      73
      82
      98
      86
      89
      77
      91
      79
      78
      66
      84
      82
      76
      92
      84
      88
      79
      77
      85
      68
      67
      76
      69
      74
      85
      80
      89
      73
      91
      75
      74
      73
      84
      80
      82
      82
      91
      80
      81
      84
      72
      85
      82
      75
      69
      79
      73
      86
      50
      78
      83
      67
      67
      81
      77
      76
      65
      78
      75
      76
      85
      70
      68
      75
      75
      78
      81
      63
      66
      68
      71
      74
      90
      70
      59
      59
      70
      63
      73
      83
      65
      73
     102
      71
      58
      81
      64
      69
      53
      84
      84
      70
      62
      56
      76
      72
      73
      54
      61
      69
      65
      75
      73
      70
      58
      64
      77
      75
      64
      58
      64
      61
      62
      61
      51
      56
      55
      52
      54
      61
      56
      64
      73
      63
      49
      60
      66
      62
      47
      56
      69
      60
      62
      76
      53
      65
      58
      57
      46
      65
      43
      63
      64
      66
      63
      62
      70
      69
      58
      61
      61
      65
      59
      46
      60
      60
      51
      54
      51
      54
      51
      57
      61
      53
      51
      50
      59
      50
      54
      45
      53
      49
      49
      66
      39
      42
      54
      64
      47
      54
      45
      42
      48
      49
      43
      57
      48
      43
      37
      57
      40
      39
      37
      51
      64
      45
      53
      44
      46
      34
      38
      32
      39
      50
      48
      48
      46
      43
      52
      44
      38
      45
      41
      60
      38
      43
      32
      26
      32
      38
      40
      44
      42
      41
      48
      39
      45
      35
      39
      41
      43
      37
      35
      44
      48
      43
      39
      44
      29
      42
      35
      30
      37
      30
      40
      33
      40
      46
      24
      21
      39
      39
      34
      40
      32
      36
      35
      32
      31
      32
      28
      33
      27
      21
      34
      25
      35
      37
      39
      27
      32
      39
      32
      31
      27
      41
      27
      31
      36
      28
      28
      39
      39
      36
      32
      33
      29
      42
      35
      24
      29
      38
      28
      38
      41
      29
      31
      35
      43
      28
      33
      30
      32
      32
      23
      27
      29
      37
      30
      30
      27
      36
      24
      30
      35
      33
      33
      30
      33
      37
      29
      18
      31
      19
      26
      18
      28
      26
      34
      28
      28
      26
      30
      24
      33
      32
      30
      20
      26
      21
      31
      17
      22
      30
      33
      25
      33
      29
      23
      25
      35
      33
      25
      22
      26
      27
      24
      18
      28
      21
      22
      31
      30
      25
      25
      20
      24
      25
      24
      23
      31
      26
      31
      31
      17
      28
      24
      31
      28
      22
      28
      19
      23
      15
      27
      25
      24
      26
      23
      21
      26
      19
      17
      22
      22
      18
      30
      17
      13
      23
      19
      25
      24
      25
      26
      32
      21
      22
      17
      24
      21
      19
      21
      15
      18
      15
      23
      20
      27
      27
      16
      31
      21
      30
      28
      19
      29
      27
      22
      17
      30
      18
      13
      24
      16
      11
      22
      14
      16
      22
      20
      12
      30
      18
      17
      24
      15
      15
      16
      24
      19
      14
      17
      18
      18
      13
      14
      23
      16
      12
       7
      14
      18
      22
      19
      22
      21
      24
      17
      16
      11
      24
      17
      18
      23
      18
      15
      23
      27
      18
      18
      20
      19
      11
      14
      23
       9
      18
       9
      17
      17
      18
      11
      21
      14
      14
      11
      12
      15
      26
      18
      14
      20
      18
      12
      23
       8
      16
      12
      17
      13
      22
      14
      19
      16
      19
      16
      21
      14
      21
      13
      12
      20
      15
      12
      10
      15
      13
      10
      19
      13
      16
      16
      21
      17
      14
      19
      19
      10
      15
      14
      14
      11
      11
       9
      15
      18
      11
      21
      14
      16
      12
      17
      10
      12
      14
      14
      18
      14
      13
       8
      10
      24
      18
      13
      10
      12
      19
      20
      11
      13
       7
       8
      15
      12
       5
      18
      12
      11
      13
       7
      12
      10
      14
       8
      10
      15
       8
      16
       7
      12
      12
      16
      16
      10
       5
       9
      15
      14
       8
      16
       8
       9
      11
       8
      12
      14
      11
      10
       9
      14
      18
       5
       6
       6
      10
      12
      13
       9
       8
       9
      11
      13
      11
      12
      15
      13
       8
      10
      10
      11
       8
      11
      11
       5
      12
      11
       7
       5
       9
      11
       6
      12
       7
      11
      13
      11
       8
       5
      11
       7
       9
      10
       8
      14
       8
      12
      10
      11
      12
       7
       9
       4
      12
       6
       7
       8
       7
       9
       4
       8
       5
      10
      10
      16
      10
      10
      16
      14
       9
       9
      11
       9
       5
       6
       9
       8
       8
       8
       9
       7
       5
       7
      11
      10
       6
       7
       9
       6
       7
      10
       6
      10
       6
       6
       3
       9
       9
      12
      10
       9
      11
       9
       9
       9
      10
       6
       7
      14
      10
      11
       9
       7
       5
      12
       7
      10
       8
      13
       4
       4
       7
       8
       7
       8
       9
       5
       3
      11
      11
       6
       7
      11
       7
       6
       8
       8
       6
       6
       7
      11
       8
       6
       6
       8
       4
       6
       9
       3
       7
       6
       8
       5
       4
       3
      10
       9
       9
       7
       8
       4
       9
       7
       6
       4
       8
       4
       8
       8
       5
       6
      10
       6
       6
      10
      10
       4
       9
       3
       2
      13
       3
       4
       3
       6
       6
      10
       4
       9
       5
       6
       9
       8
      10
       7
       6
       3
       5
       9
       4
       8
       7
       4
      10
       7
       6
       8
       6
       3
       3
       5
       2
       5
       5
       4
       7
      11
       9
       5
       6
       7
       7
       6
      10
       8
       9
       9
       4
       3
       8
       9
       6
      10
       2
       4
       5
       7
       7
       2
       7
       8
       4
      10
       6
       6
       6
       4
      11
       8
       7
       2
       7
       7
       7
       9
       4
       8
       7
       4
       6
       9
       9
       5
       4
       5
       5
       8
       3
       7
       6
       7
       6
       0
       7
       5
       8
       6
       9
       8
       9
       7
       9
       4
       6
       7
       8
       5
       6
       5
       6
      10
       9
       4
      10
       9
       8
       9
       7
      10
       4
       5
      11
       9
      14
       8
       5
       4
       6
       6
       6
       5
       9
       6
      12
       8
       8
       9
       2
       6
       8
       9
       3
       4
       7
      10
      11
      12
       4
      13
       6
      10
      13
       8
       9
       3
       6
      12
       6
       9
      11
       9
       5
       6
       9
       9
       8
       4
       6
      11
       6
       6
      10
       3
       7
       8
       2
       6
       8
      18
      10
      11
       9
      13
      14
      10
      14
      10
      12
      13
      13
       8
       9
      18
      23
      14
      14
      12
      12
      12
      18
      12
      15
      12
      18
      16
      13
      12
      15
      17
      17
      11
      16
      15
      21
      22
      20
      18
      19
      19
      11
      15
      14
      22
      13
      14
      19
      23
      19
      28
      17
      21
      18
      26
      16
      23
      17
      17
      19
      21
      24
      21
      14
      26
      20
      11
      21
      17
      20
      25
      19
      12
      21
      34
      20
      28
      19
      21
      28
      22
      24
      30
      20
      29
      34
      32
      36
      27
      30
      39
      26
      33
      34
      33
      31
      43
      23
      22
      35
      30
      38
      37
      39
      53
      46
      36
      39
      33
      32
      46
      34
      40
      38
      43
      38
      42
      49
      47
      39
      47
      46
      47
      47
      27
      48
      44
      45
      55
      54
      47
      49
      55
      59
      49
      56
      58
      59
      57
      62
      47
      45
      46
      73
      61
      47
      64
      63
      79
      50
      86
      69
      68
      78
      74
      60
      73
      81
      69
      63
      69
      96
      92
      74
      94
      89
      82
      87
      95
      73
      78
      86
      97
      78
      88
     108
     103
     105
      94
     106
     103
     113
      96
     122
      94
     119
      99
     113
     101
     113
     136
     131
     121
     126
     129
     122
     108
     116
     130
     130
     129
     132
     137
     121
     123
     112
     156
     145
     139
     132
     132
     158
     160
     163
     173
     160
     160
     158
     158
     153
     152
     155
     172
     141
     165
     183
     180
     170
     163
     190
     184
     157
     159
     188
     174
     186
     209
     211
     184
     227
     203
     178
     198
     196
     215
     206
     214
     204
     233
     207
     208
     218
     238
     268
     211
     236
     236
     248
     254
     250
     236
     256
     245
     233
     241
     227
     271
     275
     239
     240
     229
     254
     274
     257
     259
     262
     280
     272
     270
     257
     285
     279
     286
     286
     282
     298
     294
     299
     281
     292
     309
     281
     273
     312
     288
     313
     329
     286
     308
     302
     308
     323
     320
     325
     326
     371
     302
     311
     329
     315
     337
     361
     361
     325
     348
     339
     326
     321
     361
     328
     334
     362
     356
     356
     350
     352
     364
     344
     363
     351
     343
     371
     362
     372
     342
     367
     350
     382
     376
     372
     377
     360
     352
     355
     361
     348
     417
     354
     347
     348
     341
     351
     375
     386
     376
     357
     381
     381
     352
     344
     372
     366
     361
     392
     342
     352
     368
     343
     348
     354
     351
     356
     381
     337
     394
     378
     360
     337
     355
     365
     388
     351
     369
     377
     348
     332
     345
     337
     360
     350
     343
     329
     346
     335
     309
     354
     308
     334
     360
     367
     318
     356
     327
     349
     336
     318
     320
     342
     360
     338
     295
     353
     320
     335
     306
     331
     324
     292
     323
     295
     304
     316
     307
     309
     295
     299
     268
     307
     303
     290
     301
     304
     283
     291
     283
     251
     259
     263
     285
     271
     267
     288
     302
     245
     254
     228
     252
     235
     264
     275
     264
     228
     256
     219
     219
     240
     223
     243
     210
     245
     239
     233
     246
     216
     219
     192
     240
     215
     211
     201
     199
     197
     238
     192
     197
     227
     201
     183
     192
     201
     173
     194
     168
     175
     178
     178
     165
     174
     180
     176
     177
     150
     212
     143
     153
     203
     163
     159
     175
     172
     154
     165
     130
     162
     143
     134
     159
     169
     132
     135
     153
     139
     125
     127
     130
     142
     114
     123
     130
     109
     130
     114
     113
     118
     130
     108
     126
     129
     117
     103
      98
     103
      96
      94
     106
     102
     102
     101
     105
     103
      99
      89
      99
     100
      77
     107
      92
     104
      80
      94
      86
      59
      74
      96
      94
      92
      95
      73
      86
      84
      85
      84
      67
      74
      87
      68
      74
      50
      70
      73
      72
      65
      55
      73
      52
      59
      77
      76
      67
      52
      78
      51
      53
      57
      50
      59
      72
      53
      61
      56
      67
      53
      52
      63
      55
      51
      47
      50
      51
      37
      43
      50
      58
      47
      52
      40
      52
      37
      46
      57
      44
      27
      39
      38
      44
      36
      40
      45
      44
      39
      35
      37
      40
      36
      30
      36
      33
      43
      38
      33
      32
      28
      47
      29
      47
      39
      30
      34
      27
      32
      25
      36
      24
      28
      36
      29
      26
      30
      24
      26
      29
      20
      28
      16
      21
      21
      32
      24
      24
      26
      26
      30
      34
      25
      24
      16
      27
      19
      34
      20
      21
      27
      24
      21
      15
      20
      29
      18
      15
      22
      23
      20
      24
      21
      18
      22
      21
      19
      14
      23
      19
      21
      17
      15
      12
      14
      20
      21
      17
      27
      26
      17
      12
      24
      20
      16
      14
      19
      12
      15
      15
      23
      24
      18
      20
      19
      13
       9
      19
       8
      19
      14
      14
      15
      20
      16
       5
      14
      10
      16
       8
      11
      15
      11
      14
      11
       9
      10
       7
      10
      12
      13
       6
      14
      15
      14
      11
      11
       8
      12
      13
      10
      10
      11
      11
      15
      15
       9
       8
      12
       7
      13
      15
       8
       6
      11
      12
      15
       7
      10
       7
      10
      10
       9
       5
       7
      12
       5
       5
       7
       3
      11
      11
       6
       9
       7
       9
       5
       7
       7
      12
       9
       9
       6
       6
      14
       6
       6
      10
       4
       6
      10
       8
       2
       6
       6
      11
       6
       4
      10
      13
       6
       6
       5
      13
       4
       2
       4
       6
       3
       8
       7
       4
       4
       7
       4
       6
       5
       5
      10
       6
      10
       5
       7
       5
       3
       5
       5
       9
       5
       5
       5
       8
       3
       3
       7
       5
       5
       6
       5
       7
       7
       4
       7
       6
       5
       6
       7
       4
       6
       4
       6
       2
       2
       3
       2
       6
       1
       4
       5
       5
       3
       5
       2
       3
       2
       5
       3
       5
       2
       5
       2
      10
       5
       5
       3
       3
       8
       3
       2
       6
       6
       7
       3
       5
       3
       4
       3
       2
       7
       5
       5
       2
       2
       1
       2
       7
       4
       5
       6
       6
       2
       6
       9
       0
       6
       8
       2
       1
       4
       2
       4
       3
       3
       3
       2
       2
       6
       5
       1
       4
       3
       6
       1
       4
       6
       3
       4
       6
       1
       3
       5
       5
       3
       3
       4
       3
       4
       7
       3
       6
       3
       1
       4
       6
       7
       3
       4
       5
       2
       4
       3
       5
       1
       5
       6
       5
       4
       4
       3
       5
       3
       5
       4
       3
       4
       3
       6
       3
       3
       0
       3
       2
       2
       2
       3
       1
       3
       0
       2
       0
       1
       0
       1
       2
       2
       2
       1
       1
       1
       1
       1
       2
       0
       1
       0
       1
       0
       0
       2
       1
       0
       3
       2
       0
       1
       0
       2
       2
       0
       0
       0
       1
       1
       0
       1
       1
       0
       0
       1
       3
       0
       0
       0
       0
       0
       0
       2
       0
       0
       1
       0
       1
       0
       0
       0
       2
       0
       0
       0
       0
       0
       1
       0
       1
       0
       0
       0
       0
       1
       0
       1
       0
       0
       0
       0
       0
       0
       0
       0
       0
       1
       0
       0
       1
       0
       0
       0
       0
       1
       0
       0
       0
       0
       0
       0
       0
       2
       0
       0
       0
       0
       0
       0
       0
       0
       0
       0
       0
       0
       0
       0
       0
       0
       0
       0
       1
       0
       0
       0
       0
       1
       0
       0
       0
       0
       0
       0
       0
       0
       0
       0
       0
       0
       0
       0
       0
       0
       0
       0
       0
       0
       0
       1
       0
       0
       0
       1
       0
       1
       1
       0
       0
       0
       0
       0
       0
       0
       0
       0
       0
       0
       0
       0
       1
       0
       0
       0
       0
       0
       0
       1
       0
       0
       0
       0
       0
       0
       0
       0
       0
       0
       0
       0
       0
       0
       0
       1
       0
       0
       0
       0
       0
       0
       0
       0
       0
       0
       0
       0
       0
       0
       0
       1
       0
       0
       0
       0
       0
       0
       0
       0
       0
       0
       0
       0
       0
       0
       0
       0
       0
       0
       0
       0
       0
       0
       0
       0
       0
       0
       0
       0
       0
       0
       0
       0
       0
       0
       0
       0
       0
       0
       0
       0
       0
       0
       0
       0
       0
       0
       0
       0
       0
       0
       0
       0
       0
       0
       0
       0
       0
       0
       0
       0
       0
       0
       0
       0
       0
       0
       0
       0
       0
       0
       0
       0
       0
       0
       0
       0
       0
       0
       0
       0
       0
       0
       0
       0
       0
       0
       0
       0
       0
       0
       0
       0
       0
       0
       0
       0
       0
       0
       0
       0
       0
       0
       0
       0
       0
       0
       0
       0
       0
       0
       0
       0
       0
       0
       0
       0
       0
       0
       0
       0
       0
       0
       0
       0
       0
       0
       0
       0
       0
       0
       0
       0
       0
       0
       0
       0
       0
       0
       0
       0
       0
       0
       0
       0
       0
       0
       0
       0
       0
       0
       0
       0
       0
       0
       0
       0
       0
       0
       0
       0
       0
       0
       0
       0
       0
       0
       0
       0
       0
       0
       0
       0
       0
       0
       0
       0
       0
       0
       0
       0
       0
       0
       0
       0
       0
       0
       0
       0
       0
       0
       0
       0
       0
       0
       0
       0
       0
       0
       0
       0
       0
       0
       0
       0
       0
       0
       0
       0
       0
       0
       0
       0
       0
       0
       0
       0
       0
       0
       0
       0
       0
       0
       0
       0
       0
       0
       0
       0
       0
       0
       0
       0
       0
       0
       0
       0
       0
       0
       0
       0
       0
       0
       0
       0
       0
       0
       0
       0
       0
       0
       0
       0
       0
       0
       0
       0
       0
       0
       0
       0
       0
       0
       0
       0
       0
       0
       0
       0
       0
       0
       0
       0
       0
       0
       0
       0
       0
       0
       0
       0
       0
       0
       0
       0
       0
       0
       0
       0
       0
       0
       0
       0
       0
       0
       0
       0
       0
       0
       0
       0
       0
       0
       0
       0
       0
       0
       0
       0
       0
       0
       0
       0
       0
       0
       0
       0
       0
       0
       0
       0
       0
       0