       0
       0
       0
       0
       0
       0
       0
       0
     287
     286
     272
     288
     314
     227
     269
     261
     251
     267
     291
     252
     274
     242
     254
     245
     279
     247
     248
     224
     248
     254
     220
     225
     241
     200
     253
     241
     242
     240
     246
     221
     199
     218
     270
     237
     257
     205
     210
     223
     242
     246
     234
     228
     240
     211
     201
     213
     203
     221
     224
     205
     245
     210
     209
     210
     210
     208
     212
     211
     195
     201
     211
     203
     196
     191
     176
     183
     187
     160
     154
     151
     200
     154
     175
     182
     162
     162
     179
     175
     166
     144
     159
     177
     147
     159
     153
     151
     176
     154
     172
     175
     155
     168
     149
     150
     163
     154
     150
     141
     142
     146
     153
     157
     142
     140
     167
     153
     136
     153
     170
     202
     179
     163
     142
     149
     168
     155
     146
     158
     145
     157
     168
     150
     157
     140
     148
     155
     175
     150
     152
     175
     177
     161
     163
     167
     161
     183
     167
     164
     167
     155
     157
     147
     148
     144
     164
     155
     160
     149
     174
     159
     175
     180
     167
     173
     137
     165
     152
     158
     176
     174
     165
     160
     183
     147
     146
     154
     151
     152
     199
     157
     149
     181
     158
     149
     163
     177
     165
     174
     161
     148
     171
     144
     162
     160
     149
     164
     169
     175
     186
     166
     153
     174
     174
     173
     184
     178
     170
     133
     180
     165
     159
     175
     170
     159
     179
     159
     165
     163
     164
     188
     189
     186
     171
     157
     166
     162
     165
     164
     177
     180
     149
     172
     155
     163
     189
     188
     201
     201
     181
     176
     155
     169
     151
     186
     178
     178
     162
     173
     176
     145
     160
     184
     165
     182
     191
     164
     168
     164
     157
     151
     153
     150
     145
     176
     145
     165
     209
     166
     179
     173
     188
     150
     193
     178
     174
     148
     182
     178
     159
     180
     165
     164
     178
     173
     166
     159
     194
     169
     163
     186
     180
     181
     169
     152
     167
     160
     156
     199
     176
     197
     160
     174
     172
     192
     175
     170
     175
     202
     169
     187
     171
     169
     168
     194
     179
     158
     173
     169
     170
     168
     167
     168
     182
     157
     160
     189
     181
     179
     142
     185
     149
     176
     181
     163
     184
     168
     198
     186
     188
     182
     161
     171
     150
     152
     167
     156
     159
     177
     179
     189
     173
     193
     152
     155
     181
     173
     192
     162
     176
     139
     159
     163
     194
     167
     147
     171
     177
     185
     185
     159
     175
     176
     191
     177
     172
     188
     180
     167
     159
     172
     165
     164
     169
     186
     184
     180
     188
     174
     163
     162
     151
     189
     170
     176
     189
     181
     192
     195
     209
     165
     169
     188
     180
     197
     201
     167
     173
     173
     169
     189
     184
     190
     184
     166
     192
     167
     178
     167
     173
     196
     182
     165
     176
     183
     173
     213
     177
     166
     184
     178
     187
     182
     188
     187
     172
     171
     158
     176
     172
     193
     135
     181
     187
     195
     175
     185
     185
     202
     204
     176
     218
     191
     206
     180
     175
     191
     220
     168
     209
     179
     203
     214
     184
     197
     206
     203
     198
     190
     200
     202
     199
     215
     220
     191
     178
     191
     214
     198
     211
     204
     196
     198
     200
     217
     196
     224
     180
     190
     202
     203
     208
     184
     178
     202
     209
     238
     232
     181
     247
     230
     230
     224
     204
     252
     197
     224
     229
     220
     220
     234
     223
     222
     203
     233
     197
     223
     220
     227
     213
     201
     227
     220
     220
     230
     214
     218
     232
     224
     221
     207
     223
     220
     231
     244
     180
     231
     222
     223
     221
     212
     225
     223
     247
     243
     211
     237
     274
     224
     207
     208
     192
     232
     260
     211
     240
     217
     218
     214
     204
     216
     225
     217
     235
     207
     230
     227
     212
     235
     207
     227
     211
     211
     211
     223
     229
     208
     210
     201
     228
     210
     245
     235
     221
     225
     212
     216
     209
     215
     215
     199
     219
     228
     231
     202
     227
     237
     222
     242
     213
     232
     246
     227
     230
     204
     189
     198
     201
     239
     218
     231
     224
     191
     185
     191
     196
     228
     226
     229
     205
     182
     227
     213
     186
     210
     204
     204
     205
     212
     221
     181
     218
     206
     220
     203
     213
     228
     230
     231
     224
     220
     228
     200
     231
     221
     217
     215
     202
     220
     213
     192
     202
     232
     202
     213
     229
     212
     193
     224
     200
     227
     224
     213
     223
     202
     229
     203
     210
     225
     213
     193
     211
     217
     212
     238
     189
     219
     229
     228
     184
     203
     218
     211
     192
     214
     191
     199
     225
     220
     201
     202
     216
     199
     185
     244
     227
     238
     195
     208
     200
     202
     205
     200
     212
     219
     216
     188
     195
     205
     222
     225
     227
     178
     217
     203
     216
     210
     234
     219
     197
     237
     190
     217
     195
     205
     196
     195
     204
     209
     215
     211
     205
     182
     196
     208
     195
     184
     236
     213
     205
     208
     223
     196
     202
     228
     207
     204
     216
     239
     205
     200
     207
     209
     206
     207
     241
     211
     233
     203
     205
     203
     233
     222
     196
     213
     181
     222
     200
     211
     226
     211
     223
     213
     211
     234
     214
     197
     194
     200
     210
     223
     201
     204
     218
     239
     195
     193
     187
     221
     214
     183
     217
     231
     194
     195
     189
     193
     189
     196
     213
     198
     188
     210
     192
     220
     210
     205
     219
     197
     212
     234
     208
     233
     204
     193
     236
     229
     223
     209
     191
     187
     197
     191
     181
     198
     210
     199
     211
     212
     179
     213
     197
     188
     179
     215
     187
     220
     224
     190
     182
     206
     225
     229
     220
     177
     184
     200
     205
     219
     205
     199
     172
     202
     202
     198
     218
     188
     178
     192
     190
     203
     187
     220
     195
     181
     204
     202
     191
     203
     174
     193
     168
     195
     214
     193
     205
     181
     197
     217
     179
     179
     198
     191
     185
     205
     189
     195
     182
     202
     181
     186
     197
     183
     192
     210
     208
     201
     204
     190
     219
     204
     189
     189
     212
     193
     217
     200
     195
     199
     183
     187
     202
     194
     177
     211
     220
     202
     174
     188
     202
     194
     203
     202
     207
     167
     182
     184
     188
     188
     191
     184
     184
     182
     200
     214
     187
     193
     185
     173
     185
     166
     187
     176
     176
     187
     216
     191
     190
     185
     188
     189
     196
     190
     169
     166
     200
     219
     199
     193
     193
     186
     164
     176
     167
     202
     169
     205
     219
     176
     182
     172
     212
     198
     218
     158
     181
     217
     180
     186
     189
     188
     178
     196
     176
     177
     175
     179
     194
     185
     177
     170
     182
     161
     185
     167
     178
     187
     180
     187
     187
     191
     200
     157
     174
     188
     184
     190
     166
     181
     181
     177
     185
     178
     175
     196
     174
     179
     179
     201
     168
     194
     159
     166
     166
     170
     168
     176
     198
     158
     199
     156
     199
     181
     179
     157
     156
     173
     171
     179
     192
     184
     190
     168
     169
     177
     183
     179
     180
     183
     173
     166
     158
     181
     170
     180
     161
     159
     168
     157
     157
     171
     174
     178
     166
     195
     170
     170
     168
     172
     159
     160
     163
     177
     166
     185
     177
     152
     178
     176
     180
     174
     173
     189
     173
     164
     171
     183
     175
     162
     187
     174
     171
     177
     169
     151
     163
     183
     202
     157
     182
     161
     148
     160
     140
     162
     189
     158
     142
     168
     161
     183
     163
     184
     169
     165
     187
     160
     173
     155
     152
     196
     183
     170
     163
     184
     149
     165
     164
     158
     171
     168
     150
     176
     164
     173
     152
     161
     180
     139
     161
     174
     162
     172
     173
     168
     158
     180
     176
     167
     182
     166
     168
     151
     158
     163
     186
     175
     168
     159
     137
     170
     165
     182
     162
     154
     159
     150
     165
     141
     190
     161
     171
     179
     184
     182
     166
     180
     183
     149
     161
     158
     167
     177
     163
     169
     179
     168
     183
     134
     153
     163
     174
     181
     173
     155
     165
     151
     156
     181
     156
     168
     145
     188
     175
     164
     151
     155
     162
     162
     172
     198
     189
     153
     129
     184
     183
     156
     144
     164
     178
     153
     157
     169
     151
     159
     157
     144
     172
     144
     170
     169
     178
     161
     165
     146
     187
     163
     171
     147
     159
     179
     162
     159
     180
     174
     159
     148
     160
     167
     178
     171
     179
     137
     140
     171
     168
     163
     147
     170
     139
     167
     149
     158
     154
     154
     151
     153
     166
     158
     189
     155
     161
     158
     170
     168
     132
     151
     163
     154
     149
     142
     190
     180
     155
     149
     142
     152
     159
     165
     148
     155
     158
     161
     161
     160
     166
     174
     162
     172
     167
     150
     166
     171
     158
     153
     142
     141
     155
     153
     168
     168
     151
     149
     159
     140
     177
     144
     152
     150
     133
     136
     156
     170
     129
     155
     159
     144
     139
     149
     152
     168
     142
     135
     150
     155
     158
     152
     148
     139
     147
     149
     159
     143
     150
     143
     163
     142
     124
     102
     159
     156
     144
     122
     146
     149
     141
     137
     131
     137
     136
     126
     133
     101
     145
     133
     153
     123
     131
     145
     121
     120
     119
     129
     124
     155
     126
     122
     138
     141
     135
     134
     123
     128
     132
     133
     137
     117
     120
     128
     118
     133
     118
     114
     122
     102
     129
     122
     104
     110
     107
     129
     110
     128
     118
     100
     115
     116
     110
     115
     123
     109
     129
     109
     125
     104
     111
      78
      99
     113
     102
     111
     118
      92
     110
      91
      87
      98
     110
     100
     132
      98
      94
     114
     101
     108
     108
     110
     110
     116
     107
     112
     105
     103
     103
      93
      92
      89
     103
      98
     124
      95
      96
      97
      85
      77
      76
     100
     101
      99
      88
      90
      94
      90
      91
      79
      75
      67
      90
      98
      95
      87
      97
      85
      79
      91
      82
      77
      76
      75
      76
      90
      82
      80
      83
      89
      85
      76
      88
      72
      77
      82
      87
      87
      80
      68
      82
      66
      91
      94
      79
      91
      72
      83
      83
      75
      61
      58
      68
      61
      83
      69
      72
      86
      79
      74
      74
      72
      75
      66
      65
      86
      80
      75
      73
      80
      66
      61
      74
      69
      79
      80
      62
      85
      84
      72
      71
      67
      65
      70
      61
      54
      74
      71
      65
      66
      69
      71
      68
      88
      69
      75
      64
      62
      73
      69
      77
      55
      70
      67
      74
      68
      81
      60
      59
      75
      71
      51
      60
      68
      89
      78
      66
      65
      87
      64
      50
      68
      61
      63
      61
      69
      59
      66
      64
      62
      72
      66
      66
      75
      70
      63
      47
      71
      70
      54
      62
      64
      64
      71
      57
      62
      59
      61
      61
      59
      62
      54
      49
      63
      54
      69
      74
      58
      45
      52
      54
      51
      43
      55
      65
      61
      60
      61
      61
      49
      57
      67
      67
      49
      61
      52
      54
      57
      52
      48
      59
      67
      74
      55
      50
      43
      47
      54
      62
      63
      41
      63
      51
      58
      55
      59
      52
      59
      54
      50
      47
      61
      61
      44
      55
      52
      61
      54
      55
      53
      52
      51
      64
      55
      53
      52
      54
      50
      56
      42
      55
      56
      60
      56
      71
      45
      55
      51
      49
      52
      49
      41
      44
      61
      55
      40
      61
      65
      42
      64
      50
      58
      60
      53
      50
      64
      52
      57
      50
      47
      47
      55
      54
      50
      55
      48
      40
      55
      52
      53
      59
      60
      48
      48
      55
      52
      42
      40
      58
      48
      59
      44
      50
      44
      57
      41
      54
      42
      68
      45
      50
      51
      45
      47
      46
      56
      45
      59
      47
      53
      44
      52
      46
      55
      46
      45
      47
      52
      54
      54
      59
      52
      37
      53
      41
      55
      45
      47
      54
      46
      49
      68
      44
      43
      62
      43
      47
      39
      59
      45
      51
      43
      45
      45
      48
      59
      49
      40
      44
      50
      51
      48
      41
      46
      47
      38
      35
      51
      45
      40
      47
      37
      43
      40
      37
      41
      48
      43
      33
      44
      40
      43
      49
      36
      48
      40
      46
      43
      35
      41
      39
      39
      35
      44
      46
      43
      41
      50
      42
      52
      47
      55
      38
      42
      42
      40
      52
      36
      42
      36
      40
      32
      52
      43
      56
      49
      38
      45
      45
      41
      39
      49
      46
      44
      45
      43
      47
      41
      45
      38
      51
      44
      40
      54
      40
      45
      47
      41
      33
      46
      35
      58
      49
      42
      40
      40
      36
      40
      39
      39
      62
      50
      42
      36
      37
      38
      40
      45
      42
      39
      43
      42
      45
      46
      28
      45
      34
      37
      39
      41
      52
      40
      40
      41
      39
      43
      36
      42
      29
      37
      48
      30
      38
      46
      43
      38
      34
      49
      34
      41
      41
      42
      44
      29
      39
      32
      32
      33
      35
      46
      41
      45
      41
      47
      28
      44
      47
      42
      41
      30
      34
      42
      50
      44
      47
      45
      46
      30
      43
      44
      31
      36
      33
      42
      32
      45
      43
      30
      33
      27
      41
      36
      34
      35
      35
      33
      28
      41
      42
      34
      42
      36
      41
      37
      38
      30
      36
      39
      50
      24
      37
      26
      42
      34
      40
      26
      35
      42
      43
      36
      42
      37
      25
      46
      42
      46
      28
      35
      38
      33
      43
      34
      35
      36
      33
      39
      48
      39
      46
      36
      43
      39
      33
      45
      35
      35
      29
      56
      45
      40
      50
      44
      41
      42
      49
      34
      47
      53
      38
      40
      39
      50
      45
      46
      45
      32
      51
      37
      35
      39
      43
      40
      53
      42
      53
      44
      32
      40
      39
      42
      56
      50
      43
      38
      37
      43
      44
      37
      42
      44
      47
      68
      43
      40
      39
      43
      54
      31
      47
      41
      45
      58
      38
      52
      52
      61
      48
      53
      56
      61
      39
      47
      39
      63
      48
      53
      41
      70
      59
      44
      55
      52
      58
      49
      52
      38
      54
      48
      49
      58
      49
      48
      39
      46
      57
      62
      57
      67
      69
      67
      64
      52
      50
      71
      67
      55
      55
      68
      62
      71
      69
      62
      71
      61
      79
      78
      61
      56
      61
      75
      64
      70
      69
      70
      77
      68
      76
      61
      84
      85
      76
      75
      87
      76
      82
      86
      89
      76
      75
     113
      72
      93
      75
      95
     103
      95
     105
      74
     119
     110
      97
      99
     102
      97
     111
     114
     128
     115
     144
     136
     149
     139
     144
     133
     145
     142
     136
     173
     149
     161
     162
     168
     139
     148
     175
     202
     189
     188
     185
     182
     209
     199
     234
     228
     223
     235
     234
     227
     253
     272
     282
     264
     256
     261
     280
     280
     337
     317
     308
     285
     349
     340
     373
     337
     342
     350
     379
     334
     397
     406
     416
     409
     412
     447
     436
     446
     453
     503
     503
     508
     501
     477
     526
     536
     552
     545
     536
     547
     584
     572
     597
     680
     639
     645
     657
     679
     648
     685
     692
     682
     747
     729
     711
     738
     723
     749
     795
     810
     777
     796
     815
     795
     848
     853
     841
     858
     848
     870
     871
     924
     889
     953
     955
     965
     907
     942
     973
     935
     944
     971
     956
    1043
     974
     954
     965
    1043
     992
    1041
     975
    1023
    1050
    1033
    1051
    1053
    1015
    1042
    1042
    1056
     972
    1052
    1040
    1105
    1053
    1095
    1022
    1025
    1003
     980
    1035
    1055
    1018
     991
    1032
    1016
     948
     982
     959
     939
     981
     958
     939
     982
     926
     960
     951
     902
     902
     889
     916
     896
     879
     891
     872
     854
     866
     838
     816
     822
     807
     809
     772
     812
     745
     747
     736
     803
     697
     760
     687
     687
     687
     669
     673
     635
     654
     614
     632
     629
     638
     537
     547
     569
     564
     531
     547
     552
     494
     492
     476
     473
     471
     415
     421
     459
     456
     389
     436
     418
     373
     377
     410
     370
     356
     377
     382
     320
     337
     302
     306
     321
     329
     276
     265
     245
     297
     244
     271
     268
     240
     235
     237
     227
     215
     204
     208
     203
     209
     201
     182
     182
     177
     187
     178
     157
     179
     159
     160
     141
     152
     143
     132
     142
     128
     157
     120
     104
     123
     116
     107
      94
      94
      95
      91
      99
     109
     101
     101
      98
      84
      86
      89
      91
      65
      72
      70
      76
      58
      89
      57
      70
      81
      80
      69
      62
      83
      70
      68
      54
      58
      53
      66
      58
      47
      43
      53
      43
      56
      46
      45
      42
      30
      50
      41
      45
      39
      42
      26
      49
      40
      50
      34
      36
      38
      35
      35
      43
      28
      42
      22
      34
      38
      46
      34
      31
      46
      37
      38
      29
      29
      24
      32
      30
      37
      38
      36
      41
      31
      20
      27
      25
      19
      29
      41
      29
      24
      28
      27
      25
      30
      31
      24
      24
      31
      31
      22
      31
      18
      26
      25
      29
      16
      19
      21
      28
      17
      30
      30
      23
      27
      29
      29
      20
      26
      23
      24
      19
      27
      21
      19
      27
      19
      26
      27
      24
      26
      23
      13
      19
      19
      16
      18
      20
      20
      24
      25
      25
      19
      21
      26
      27
      20
      17
      25
      18
      17
      21
      26
      25
      18
      29
      31
      16
      18
      17
      21
      15
      21
      18
      14
      21
      23
      15
      18
      14
      21
      22
      20
      16
      22
      24
      25
      22
      16
      16
      21
      28
      23
      18
      20
      19
      19
      22
      23
      22
      13
      12
      23
      20
      20
      22
      17
      27
      25
      22
      30
      25
      22
      25
      26
      19
      22
      12
      23
      22
      20
      25
      16
      22
      17
      24
      28
      19
      18
      30
      17
      19
      27
      23
      25
      22
      20
      24
      21
      19
      18
      22
      23
      20
      23
      25
      16
      27
      25
      26
      18
      15
      26
      16
      14
      23
      12
      25
      14
      12
      27
      28
      16
      22
      17
      27
      21
      24
      19
      17
      16
      22
      15
      15
      29
      23
      10
      26
      18
      24
      17
      21
      21
      19
      22
      22
      18
      19
      23
      29
      19
      21
      26
      18
      14
      37
      23
      16
      23
      21
      26
      19
      19
      25
      20
      20
      23
      25
      23
      18
      23
      22
      21
      22
      27
      21
      17
      21
      27
      20
      23
      22
      25
      34
      27
      19
      24
      24
      20
      22
      14
      31
      23
      23
      23
      20
      22
      20
      25
      19
      22
      19
      16
      26
      14
      15
      28
      28
      18
      22
      20
      31
      17
      17
      18
      14
      20
      22
      23
      23
      22
      20
      26
      21
      22
      21
      28
      15
      12
      24
      28
      14
      22
      13
      15
      25
      27
      17
      28
      23
      24
      18
      30
      28
      23
      15
      18
      22
      15
      21
      25
      15
      28
      18
      24
      23
      15
      22
      15
      18
      19
      26
      27
      16
      15
      13
      17
      19
      19
      13
      19
      16
      20
      14
      26
      27
      29
      15
      17
      17
      17
      20
      12
      17
      17
      18
      27
      17
      22
      14
      25
      21
      20
      22
      19
      14
      18
      19
      24
      16
      19
      22
      25
      13
      17
      16
      16
      22
      19
      13
      20
      18
      22
      14
      18
      15
      20
      23
      23
      17
      19
      16
      19
      18
      20
      22
      15
      18
      12
      18
      21
      14
      23
      13
      20
      15
      12
      17
      27
      18
      15
      16
      18
      18
      15
      15
      22
      21
      23
      21
      18
      28
      31
      19
      12
      19
      22
      19
      23
      17
      13
      14
      19
      16
       9
      19
      25
      23
      19
      24
      24
      21
      21
      22
      19
      14
      20
      16
      15
      16
      28
      16
      21
      22
      14
      15
      10
      28
      15
      19
      23
      12
      16
      21
      20
      29
      23
      22
      18
      23
      25
      17
      13
      15
      18
      18
      18
      27
      26
      22
      28
      16
      26
      19
      20
      23
      21
      17
      18
      25
      18
      20
      17
      26
      21
      10
      25
      13
      24
      22
      14
      18
      12
      23
      22
       9
      24
      16
      13
      24
      15
      23
      26
      14
      22
      13
      21
      18
      21
      24
      28
      21
      18
      14
      18
      17
      24
      16
      14
      22
      15
      21
      13
      19
      17
      16
      19
      17
      17
      17
      26
      22
      15
      22
      24
      18
      21
      16
      26
      13
      13
      14
      15
      18
      17
      18
      18
      16
      14
      20
      16
      14
      23
      24
      22
      18
      19
      21
      14
      18
      18
      19
      21
      17
      24
      30
      24
      16
      18
      21
      16
      18
      19
      18
      16
      25
      23
      19
      18
      21
      22
      20
      19
      27
      14
      19
      19
      21
      19
      10
      16
      16
      24
      22
      22
      18
      21
      18
      26
      17
      13
      29
      24
       9
      15
      13
      31
      13
      25
      23
      21
      21
      21
      22
      15
      16
      16
      18
      18
      11
      17
      15
      26
      27
      26
      18
      12
      18
      19
      15
      20
      17
      23
      18
      13
      17
      27
      20
      24
      11
      24
      20
      21
      13
      22
      16
      22
      26
      22
      13
      15
      17
      25
      18
      22
      13
      28
      18
      13
      19
      24
      19
      20
      18
      23
      22
      21
      20
      22
      16
      17
      15
      18
      14
      16
      22
      23
      14
      14
      26
      22
      23
      21
      15
      23
      19
      17
      24
      16
      14
      18
      16
      17
      20
      25
      25
      24
      21
      15
      19
      11
      12
      16
      21
      27
      20
      14
      23
      12
      13
      25
      21
      22
      19
      18
      16
      17
      19
      25
      25
      29
      14
      18
      22
      21
      15
      21
      20
      24
      22
      18
      25
      18
      28
      18
      20
      13
      26
      23
      10
      25
      23
      19
      23
      18
      19
      22
      15
      14
      16
      21
      13
      13
      12
      19
      20
      28
      26
      20
      22
      22
      20
      12
      15
      19
      26
      22
      15
      21
      19
      11
      15
      27
      18
      18
      20
      17
      14
      23
      20
      14
      14
      15
      20
      15
      18
      19
      17
      29
      22
      14
      19
      21
      10
      15
      21
      20
      18
      17
      14
      18
      21
      19
      26
      19
      21
      16
      22
      18
      21
      11
      23
      21
      19
      18
      22
      13
      15
      14
      26
      22
      25
      21
      20
      17
      11
      19
      20
      15
      15
      22
      18
      12
      18
      27
      25
      19
      23
      21
      24
      21
      17
      16
      23
      16
      13
      18
      22
      20
      17
      17
      10
      13
      21
      28
      19
      22
      29
      24
      22
      21
      18
      19
      19
      24
      21
      12
       8
      20
      20
      19
      19
      17
      19
      23
      17
      21
      16
      21
      17
      16
      21
      21
      10
      10
      21
      20
      18
      14
      18
      25
      24
      17
      21
      18
      24
      23
      20
      15
       8
      18
      23
      16
      19
      22
      17
      20
      20
      22
      20
      17
      26
      22
      23
      20
      14
      16
      11
      19
      11
      23
      19
      22
      16
      15
      18
       9
      21
      30
      15
      17
      24
      16
      20
      19
      17
      22
      22
      17
      17
      21
      21
      19
      13
      19
      15
      16
      12
      22
      20
      10
      20
      17
      17
      26
      26
      17
      18
      15
      17
      20
      18
      12
      22
      19
      20
      19
      18
      19
      21
      18
      21
      15
      21
      19
      13
      18
      20
      16
      15
      14
      17
      22
      22
      16
      18
      19
      15
      24
      16
      24
      15
      21
      25
      18
      16
      17
      17
      13
      16
      22
      28
      18
      15
      22
      24
      20
      15
      17
      25
      17
      15
      17
      15
      21
      15
      12
      19
      20
      12
      16
      22
       9
      22
      26
      21
      20
      19
      23
      14
      10
      20
      22
      16
      13
      25
       8
      13
      18
      19
      21
      16
      21
      17
      15
      21
      11
      27
      19
      17
      17
      20
      18
      19
      18
      19
      15
      18
      15
      17
      20
      15
      15
      19
      14
      13
      16
      20
      14
      27
      21
      16
      20
      23
      13
      17
      18
      17
      18
      16
      22
      15
      17
       9
      15
      14
      17
      15
      15
      20
      15
      23
      20
      17
      23
      12
      13
      16
      27
      19
      28
      19
      13
       9
      23
      17
      18
      24
      27
      24
      21
      23
      15
      24
      15
      15
      19
      20
      14
      22
      27
      14
      12
      24
      13
      15
      23
      12
      21
      13
      21
      16
      19
      16
      18
      18
      18
       9
      18
      16
      10
      12
      24
      17
      23
      21
      26
      26
      28
      14
      23
      27
      14
      29
      16
      22
      27
      20
      11
      12
      20
      22
      21
      18
      18
      20
      20
      29
      19
      18
      22
      18
      23
      26
      20
      19
      16
      27
      21
      16
      18
      19
      20
      23
      14
      25
      19
      17
      22
      22
      15
      24
      17
      18
      13
      17
      16
      18
      27
       9
      21
      14
      18
      28
      14
      15
      26
      18
      16
      17
      16
      18
      21
      19
      25
      17
      17
      27
      21
      23
      29
      22
      23
      22
      27
      17
      26
      12
      23
      21
      19
      24
      16
      24
      19
      24
      25
      17
      25
      12
      17
      18
      10
      15
      18
      21
      22
      30
      24
      21
      16
      18
      13
      21
      27
       8
      23
      13
      17
      21
      19
      18
      19
      18
      22
      14
      24
      14
      14
      23
      22
      20
      13
      20
      19
      24
      25
      15
      22
      18
      23
      15
      22
      17
      16
      13
      17
      16
      22
      13
      15
      20
      19
      19
      10
      17
      13
      13
      16
      23
      22
      18
      14
      17
      23
      17
      11
      21
      22
      16
      21
      20
      16
      21
      15
      13
      17
      25
      23
      15
      19
      20
      20
      18
      25
      12
      17
      14
      17
      17
      22
      21
      13
      15
      16
      19
      20
      20
      20
      21
      24
      14
      20
      29
      27
      16
      18
      12
      21
      17
      18
      14
      21
      22
      20
      21
      16
      20
      15
      24
      22
      24
      23
      16
      16
      13
      19
      13
      19
      15
      18
      14
      20
      20
      22
      11
      18
      16
      13
      16
      17
      22
      17
      23
      19
      20
      28
      19
      21
      29
      24
      19
      22
      23
      21
      21
      25
      19
      21
      17
      20
      20
      19
      11
      19
      21
      26
      11
      21
      19
      12
      21
      20
      19
      19
      15
      22
      16
      16
      19
      21
      19
      23
      18
      15
      21
      18
      13
      17
      12
      15
      16
      23
      21
      18
      15
      20
      12
      26
      18
      33
      17
      16
      22
      20
      13
      18
      17
      27
      12
      21
      20
      17
      20
      16
      19
      14
      20
      21
      18
      21
      19
      16
      20
      14
      14
      15
      10
      22
      21
      22
      13
      16
      21
      22
      19
      29
      23
      19
      17
      22
      16
      20
      20
      18
      16
      24
      13
      12
      18
      18
      25
      20
      16
      20
      20
      13
      20
      15
      16
      20
      17
      13
      20
      15
      10
      19
      20
       9
      25
      22
      22
      16
      19
      16
      18
      18
      26
      19
      21
      22
      18
      16
      23
      26
      17
      25
      21
      16
      19
      20
      26
      20
      22
      20
       9
      14
      22
      18
      25
      22
      21
      26
      25
      17
      17
      26
      14
      13
      20
      20
      17
      15
      16
      21
      20
      14
      23
      31
      18
      16
      21
      17
      19
      21
      22
      18
      15
      17
      15
      14
      26
      22
      20
      20
      20
      17
      23
      22
      22
      19
      23
      17
      19
      18
      14
      22
      20
      19
      14
      16
      24
      16
      22
      19
      17
      21
      20
      17
      24
      18
      11
      11
      13
      26
      16
      27
      22
      22
      15
      15
      20
      28
      21
      20
      26
      20
      14
      23
      23
      12
      21
      16
      23
      16
      19
      24
      25
      19
      20
      20
      27
      21
      24
      23
      21
      18
      22
      25
      23
      25
      28
      17
      21
      22
      24
      18
      28
      23
      13
      20
      25
      22
      22
      23
      17
      13
      21
      25
      17
      12
      21
      20
      20
      24
      22
      21
      20
      20
      24
      23
      20
      20
      20
      17
      20
      22
      24
      20
      30
      21
      19
      20
      21
      15
      28
      19
      16
      31
      25
      19
      18
      19
      26
      25
      25
      18
      14
      19
      19
      18
      25
      22
      21
      33
      20
      17
      22
      26
      23
      20
      20
      19
      14
      17
      23
      26
      19
      26
      22
      23
      22
      18
      24
      20
      25
      20
      20
      23
      19
      21
      28
      25
      16
      15
      13
      16
      21
      25
      18
      19
      19
      18
      20
      21
      31
      21
      24
      14
      17
      27
      19
      21
      25
      29
      16
      18
      26
      23
      17
      21
      21
      23
      17
      14
      18
      20
      20
      15
      22
      23
      18
      17
      18
      23
      14
      29
      23
      24
      17
      16
      18
      22
      15
      18
      27
      20
      23
      19
      22
      26
      23
      21
      26
      17
      24
      25
      22
      20
      21
      18
      28
      20
      14
      28
      21
      16
      15
      23
      21
      17
      21
      23
      21
      31
      28
      23
      23
      26
      18
      21
      15
      20
      20
      27
      19
      20
      24
      24
      23
      24
      22
      24
      27
      11
      18
      20
      18
      19
      27
      29
      13
      11
      24
      15
      29
      18
      16
      16
      19
      22
      24
      20
      29
      16
      22
      21
      18
      28
      16
      21
      21
      25
      22
      29
      26
      19
      21
      24
      27
      17
      21
      20
      29
      25
      21
      30
      25
      24
      21
      24
      16
      30
      17
      18
      21
      18
      24
      19
      31
      20
      26
      21
      25
      22
      26
      19
      26
      15
      21
      17
      24
      19
      19
      19
      24
      25
      18
      23
      14
      24
      21
      17
      31
      24
      23
      17
      20
      18
      31
      17
      32
      18
      16
      25
      28
      21
      31
      20
      14
      20
      19
      25
      29
      15
      25
      14
      22
      25
      24
      25
      23
      23
      23
      21
      23
      18
      19
      19
      20
      22
      23
      19
      19
      26
      23
      16
      25
      20
      25
      23
      21
      19
      18
      18
      17
      24
      31
      30
      15
      19
      26
      22
      18
      16
      29
      25
      21
      19
      19
      20
      22
      31
      25
      22
      24
      28
      24
      20
      24
      15
      14
      22
      28
      25
      24
      24
      17
      25
      22
      12
      18
      27
      18
      27
      34
      21
      30
      27
      18
      20
      21
      22
      17
      28
      28
      19
      23
      22
      22
      29
      24
      17
      27
      23
      29
      14
      25
      30
      27
      15
      21
      18
      24
      17
      25
      17
      22
      29
      25
      19
      22
      27
      25
      22
      26
      19
      26
      27
      23
      25
      23
      25
      23
      19
      24
      25
      31
      23
      24
      23
      16
      30
      21
      22
      28
      20
      29
      18
      33
      18
      20
      18
      29
      26
      25
      27
      19
      25
      28
      21
      28
      19
      21
      16
      23
      30
      23
      28
      17
      26
      24
      32
      20
      21
      30
      20
      11
      19
      18
      21
      19
      25
      27
      25
      22
      29
      20
      15
      24
      23
      23
      32
      27
      26
      15
      30
      27
      31
      19
      21
      39
      26
      26
      26
      25
      28
      25
      31
      21
      22
      20
      24
      18
      25
      25
      26
      17
      27
      25
      29
      29
      21
      19
      17
      21
      29
      30
      32
      24
      27
      21
      21
      24
      30
      17
      22
      26
      18
      29
      28
      24
      21
      32
      23
      17
      24
      18
      22
      27
      25
      22
      26
      29
      17
      15
      35
      25
      32
      24
      22
      31
      21
      20
      21
      23
      32
      29
      19
      26
      21
      20
      15
      24
      24
      20
      17
      26
      28
      26
      27
      21
      27
      31
      26
      39
      23
      27
      24
      29
      21
      19
      32
      19
      26
      25
      31
      25
      21
      29
      27
      16
      28
      33
      31
      23
      27
      27
      17
      24
      34
      23
      24
      26
      34
      36
      33
      28
      26
      21
      23
      23
      22
      23
      32
      24
      32
      33
      27
      32
      32
      17
      32
      28
      28
      23
      26
      31
      30
      32
      23
      25
      23
      30
      23
      28
      31
      26
      20
      25
      29
      21
      33
      27
      25
      18
      25
      27
      22
      25
      28
      28
      31
      17
      14
      24
      28
      34
      33
      19
      24
      18
      27
      25
      23
      20
      30
      25
      31
      36
      30
      22
      28
      34
      25
      19
      36
      19
      25
      29
      20
      21
      37
      25
      32
      24
      24
      23
      20
      21
      18
      25
      23
      25
      18
      31
      27
      24
      26
      31
      36
      30
      26
      30
      30
      25
      24
      30
      27
      31
      23
      27
      35
      24
      29
      24
      25
      32
      26
      32
      21
      27
      19
      20
      22
      19
      21
      21
      19
      24
      20
      28
      31
      33
      29
      26
      30
      23
      21
      25
      25
      30
      32
      19
      27
      23
      21
      33
      30
      21
      27
      30
      21
      28
      25
      33
      29
      18
      26
      25
      27
      20
      22
      32
      35
      29
      22
      14
      31
      33
      29
      26
      27
      27
      30
      40
      33
      22
      24
      28
      21
      35
      32
      37
      24
      19
      31
      36
      25
      24
      29
      30
      29
      13
      15
      30
      35
      31
      33
      32
      31
      26
      28
      22
      17
      27
      27
      26
      34
      31
      32
      31
      29
      25
      26
      38
      29
      32
      28
      16
      29
      32
      28
      29
      37
      25
      30
      33
      33
      25
      38
      18
      27
      21
      22
      23
      29
      25
      26
      27
      20
      25
      28
      19
      33
      26
      25
      30
      27
      22
      43
      27
      23
      27
      29
      38
      23
      27
      31
      24
      36
      30
      32
      22
      27
      22
      33
      30
      38
      28
      30
      12
      27
      22
      18
      26
      34
      32
      31
      32
      28
      40
      26
      27
      28
      35
      37
      30
      32
      20
      27
      34
      27
      28
      26
      24
      31
      33
      35
      22
      18
      36
      34
      27
      37
      30
      28
      30
      25
      26
      25
      34
      23
      31
      27
      27
      28
      40
      27
      23
      28
      26
      33
      22
      22
      23
      21
      27
      20
      25
      24
      27
      19
      33
      32
      32
      29
      25
      28
      28
      18
      34
      19
      22
      25
      22
      24
      21
      23
      29
      39
      21
      16
      24
      27
      40
      28
      31
      38
      20
      29
      31
      32
      22
      28
      29
      31
      36
      23
      30
      13
      28
      20
      30
      24
      39
      27
      27
      26
      26
      30
      23
      23
      18
      34
      31
      19
      30
      25
      29
      28
      25
      16
      26
      25
      23
      28
      27
      25
      36
      17
      25
      26
      22
      14
      30
      27
      26
      19
      15
      20
      25
      29
      18
      15
      22
      26
      27
      27
      22
      33
      25
      18
      29
      23
      25
      16
      28
      21
      26
      16
      16
      19
      18
      28
      18
      29
      20
      30
      26
      16
      22
      27
      24
      33
      22
      21
      21
      26
      26
      23
      29
      18
      26
      29
      23
      23
      22
      21
      27
      19
      20
      27
      19
      33
      16
      25
      24
      22
      20
      23
      23
      30
      16
      21
      19
      22
      20
      22
      15
      15
      22
      21
      18
      19
      16
      27
      21
      23
      25
      19
      16
      20
      25
      22
      24
      18
      21
      16
      26
      21
      13
      15
      20
      17
      21
      11
      15
      16
      19
      18
      16
       9
      14
      13
      19
      22
      20
      14
      11
      17
      13
       8
      14
       7
      18
      10
      19
      17
      15
      18
      20
      15
      21
      18
      12
      17
      12
      15
      18
      18
      15
      14
      22
      18
      15
      13
       9
      12
      14
       9
      20
      17
      13
      11
      14
      12
      13
      15
      21
      14
      17
      12
      18
      16
      10
      10
      14
      14
      10
      16
      18
       9
      13
      14
      12
       9
      10
      10
      17
      15
      14
      12
       9
      11
      17
      10
      15
      16
      19
      11
       9
      15
      14
      14
      12
       9
      10
      18
       8
      13
       8
      15
      10
      11
       9
      13
      13
      18
      13
      13
      11
      13
      15
       6
       5
      10
      17
       6
       9
       9
       8
       8
      12
      12
       6
      13
       8
       9
       9
      12
       9
       9
       9
      10
       9
      10
       6
       7
       8
       8
       8
       7
      18
       7
       9
       6
       5
       8
       8
       7
      12
      12
      12
      10
       6
       9
      16
       7
      12
       9
       6
      12
      13
       4
      12
      12
       6
       7
       9
      11
      12
      13
      14
      12
       7
       8
       7
       5
       4
       9
       6
       8
       9
       2
       9
       5
      10
       8
       5
       4
       6
       6
      10
      11
      14
       7
      12
      12
      12
       6
      10
       7
       3
       4
       9
       5
       5
      11
      10
       7
       4
       8
       6
       7
       7
      11
       8
       9
       9
       9
       4
      10
       6
       8
       9
       8
       9
       5
       2
       4
       3
       6
       5
       6
       8
       8
      12
       8
      11
      12
       8
      11
       8
       6
       7
       6
       7
       7
       7
       8
       9
       6
       1
       3
       6
       6
       5
       7
      11
      12
       8
       5
      10
       5
       3
       5
       7
      10
       4
       6
       6
       5
       4
       8
       5
       5
       5
       8
       4
       4
       4
       7
       6
       9
       6
       3
       4
       8
       9
       6
       5
       2
       8
       3
       3
       4
       6
       3
       5
       6
       4
       5
       4
       7
       4
       3
       5
       5
       6
       3
       4
       6
       9
       5
       5
       1
       8
      10
       7
      11
       5
       4
       3
       5
       6
       4
       4
       6
       5
       3
       8
       8
       6
       1
      10
       4
       5
       7
       3
       7
       2
       9
       6
       3
       9
       2
       7
       2
       6
       2
       4
       6
       3
       5
       7
       4
       5
       5
       4
       5
       5
       6
       7
       6
       2
       7
       6
       7
       2
       6
       4
       8
       3
       5
       5
       9
       4
       5
       4
       2
       4
       5
       4
       7
       4
       3
       5
       4
       2
       5
       8
       3
       2
       4
       4
       6
       5
       4
       5
       1
       7
       4
       4
       7
       3
       1
       5
       2
       6
       5
       5
       6
       4
       5
       2
       5
       9
       0
       2
       4
       3
       1
       6
      10
       3
       2
       3
       4
       3
       4
       4
       4
       0
       3
       6
       4
       3
       2
       7
       2
       3
       5
       4
       7
       4
       0
       3
       1
       3
       1
       3
       4
       5
       4
       6
       1
       5
       4
       3
       3
       4
       7
       2
       1
       2
       2
       4
       1
       3
       2
       3
       0
       2
       2
       4
       3
       5
       5
       4
       0
       3
       3
       1
       4
       3
       1
       6
       2
       4
       2
       0
       3
       4
       2
       3
       2
       3
       2
       2
       4
       5
       4
       5
       2
       3
       2
       3
       4
       2
       5
       3
       2
       4
       3
       3
       2
       4
       4
       4
       4
       3
       2
       2
       5
       3
       2
       0
       6
       3
       3
       2
       1
       4
       0
       5
       1
       1
       6
       0
       6
       0
       3
       3
       1
       3
       4
       2
       1
       1
       0
       1
       2
       1
       3
       1
       4
       2
       0
       1
       3
       0
       4
       0
       1
       1
       1
       0
       4
       2
       2
       4
       1
       3
       1
       4
       0
       1
       0
       3
       1
       2
       1
       2
       3
       0
       3
       1
       1
       1
       1
       1
       1
       2
       3
       4
       1
       0
       2
       1
       3
       3
       2
       4
       4
       2
       3
       2
       1
       2
       4
       2
       2
       0
       3
       3
       4
       2
       0
       3
       1
       5
       2
       0
       2
       1
       0
       1
       1
       0
       0
       2
       3
       2
       3
       2
       3
       1
       1
       0
       0
       3
       3
       2
       0
       1
       1
       3
       1
       2
       1
       3
       0
       1
       3
       0
       4
       2
       2
       4
       4
       1
       1
       3
       0
       1
       0
       4
       2
       3
       2
       3
       4
       1
       3
       0
       3
       0
       2
       4
       3
       2
       1
       1
       3
       2
       1
       2
       1
       1
       6
       2
       0
       2
       1
       1
       1
       2
       1
       2
       2
       1
       1
       2
       2
       3
       2
       0
       3
       2
       5
       0
       4
       1
       2
       2
       0
       5
       4
       1
       1
       3
       1
       2
       2
       1
       1
       0
       2
       0
       3
       2
       1
       4
       0
       0
       4
       2
       1
       0
       1
       0
       2
       0
       0
       0
       3
       1
       1
       1
       1
       2
       3
       3
       3
       0
       3
       4
       1
       4
       0
       1
       1
       3
       2
       0
       3
       2
       4
       1
       0
       1
       3
       1
       2
       1
       4
       4
       3
       1
       0
       0
       1
       2
       8
       1
       2
       4
       2
       3
       3
       1
       0
       0
       5
       0
       2
       0
       1
       2
       7
       5
       0
       5
       1
       3
       1
       3
       3
       2
       3
       0
       1
       5
       2
       1
       5
       3
       1
       3
       3
       4
       1
       3
       2
       1
       2
       1
       5
       2
       4
       5
       1
       4
       3
       1
       8
       1
       2
       1
       4
       3
       3
       6
       2
       2
       4
       5
       5
       5
       1
       2
       4
       3
       3
       3
       1
       3
       2
       3
       5
       5
       3
       5
       4
       2
       3
      11
       4
       1
       3
       3
       3
       4
       2
       3
       4
       3
       2
       7
       3
      10
       4
       2
       6
       4
       8
       4
       6
       7
       7
       6
       6
       4
       3
       3
      12
       6
       5
       8
       9
       9
       9
      11
       8
      10
       5
       2
       6
       6
      12
       8
       6
      10
       9
      14
       7
       7
       3
       5
      11
       8
      11
      12
      14
       8
      20
       9
      13
      16
      10
      13
      18
      12
      10
      14
      13
      23
      21
      12
      20
      20
      14
      27
      14
      13
      13
      27
      20
      22
      19
      20
      20
      19
      19
      18
      20
      22
      24
      21
      26
      22
      23
      23
      29
      22
      23
      22
      23
      28
      22
      29
      41
      28
      23
      31
      29
      32
      27
      28
      39
      36
      44
      34
      37
      28
      30
      40
      41
      43
      26
      44
      34
      37
      44
      44
      49
      44
      44
      54
      52
      47
      48
      52
      35
      37
      43
      49
      57
      46
      39
      64
      49
      44
      58
      73
      62
      61
      57
      63
      68
      74
      87
      56
      84
      67
      75
      69
      61
      68
      56
      61
      88
      65
      80
      82
      79
      82
      84
      73
      88
      66
      95
      98
      81
      96
      89
      83
      75
      94
      89
     103
      99
      64
      80
      99
      98
      86
     101
      91
      86
      98
      94
      85
     100
     106
      89
      96
     107
      93
     117
     125
     117
     101
     102
     106
     117
     109
     110
     116
     105
     121
     109
     115
     129
     124
     103
     131
     118
     102
     109
     130
     131
     112
     129
     129
     123
     147
     124
     108
     115
     126
     133
     110
     129
     118
     102
     116
     127
     137
     118
     115
     127
     137
     123
     123
     142
     127
     126
     142
     124
     131
     124
     127
     138
     156
     122
     123
     135
     139
     111
     122
     140
     132
     113
     115
     130
     127
     130
     124
     134
     127
     135
     138
     116
     132
     126
     146
     133
     130
     117
     130
     147
     145
     121
     122
     143
     127
     113
     133
     135
     110
     121
     135
     129
     133
     120
     138
     105
     127
     101
     119
     104
     121
     106
     110
     116
     134
     104
     108
     122
     107
     115
     127
     115
     119
     113
     109
     112
     106
     103
     100
     112
     117
     112
     109
      99
     108
     100
      89
     112
      96
     111
     103
      93
      84
      96
      92
     101
      94
      91
     102
      83
      95
     112
      87
      91
      84
      87
      85
      70
      83
      89
      80
      86
      74
      73
      78
      74
      90
      83
      69
      71
      54
      62
      78
      78
      77
      67
      60
      82
      57
      55
      81
      59
      63
      67
      52
      53
      79
      57
      54
      67
      64
      53
      53
      60
      55
      46
      50
      54
      49
      51
      50
      54
      57
      42
      53
      52
      56
      49
      38
      38
      50
      64
      45
      47
      38
      43
      54
      36
      35
      45
      36
      39
      36
      48
      28
      36
      43
      42
      45
      41
      31
      34
      41
      36
      35
      33
      25
      31
      36
      29
      43
      32
      28
      42
      27
      28
      24
      29
      23
      26
      34
      34
      30
      24
      27
      36
      25
      28
      28
      24
      30
      25
      21
      26
      21
      17
      28
      15
      15
      20
      24
      24
      14
      20
      18
      18
      12
      25
      11
      27
      27
      14
      18
      15
      14
      17
      21
      23
      21
      20
      17
      20
      21
      15
      17
      18
      13
      10
      19
      19
       9
      13
      20
       8
      15
      16
      16
      14
      15
      17
      14
      14
      15
      10
      15
      23
      14
      11
      11
      10
      15
      10
      15
      19
      13
      10
      10
      11
      14
      10
      11
      10
      14
      14
       8
      10
      13
      10
       9
       8
       7
      11
       3
      19
      11
      10
      14
       4
       9
      11
      10
       4
       9
       7
       8
       8
      10
      13
      14
       5
       5
       6
       6
       3
       6
       9
       8
       6
       5
       5
       6
       5
       6
      12
      10
       6
      14
       5
      14
       4
       4
       4
       8
       5
       9
       4
       4
       5
       6
       8
      10
      11
       5
       7
       6
       3
       4
       5
       4
       6
       1
       9
       8
       9
      10
       5
       5
       5
       4
       2
       3
       4
       1
       4
       1
       2
       2
       3
       2
       3
       4
       1
       2
       1
       5
       5
       0
       6
       5
       0
       4
       1
       2
       6
       5
       2
       2
       2
       1
       4
       5
       1
       1
       4
       2
       5
       2
       4
       1
       1
       3
       6
       4
       0
       3
       6
       1
       2
       1
       4
       1
       2
       2
       4
       2
       3
       0
       3
       0
       2
       3
       3
       0
       3
       1
       0
       2
       2
       2
       1
       2
       2
       0
       2
       1
       1
       3
       2
       1
       2
       2
       2
       1
       2
       0
       2
       2
       0
       0
       1
       0
       1
       0
       1
       0
       2
       1
       2
       2
       3
       1
       1
       1
       1
       3
       0
       1
       0
       0
       1
       4
       0
       0
       0
       2
       2
       0
       0
       1
       1
       1
       1
       2
       0
       1
       0
       0
       1
       1
       1
       0
       0
       2
       2
       1
       1
       0
       0
       0
       1
       0
       0
       1
       1
       1
       3
       1
       0
       0
       2
       1
       2
       1
       2
       0
       0
       3
       1
       1
       0
       1
       1
       0
       0
       1
       0
       0
       1
       3
       0
       0
       0
       1
       1
       1
       3
       1
       0
       2
       1
       1
       1
       2
       0
       0
       1
       0
       1
       0
       0
       0
       0
       0
       1
       1
       0
       0
       1
       0
       0
       0
       0
       0
       2
       0
       0
       1
       0
       0
       1
       0
       1
       0
       0
       1
       1
       0
       2
       1
       0
       2
       0
       0
       0
       0
       0
       1
       1
       0
       0
       1
       2
       0
       1
       0
       1
       0
       0
       1
       0
       0
       0
       2
       0
       0
       0
       0
       2
       0
       0
       0
       1
       0
       1
       1
       0
       0
       1
       0
       0
       1
       1
       1
       1
       1
       0
       2
       0
       0
       1
       0
       0
       0
       1
       1
       1
       0
       0
       1
       0
       0
       0
       0
       1
       0
       1
       0
       0
       0
       0
       0
       1
       0
       1
       1
       0
       2
       0
       0
       0
       1
       1
       1
       0
       1
       0
       0
       1
       1
       1
       1
       1
       2
       1
       0
       0
       0
       1
       0
       1
       0
       0
       0
       1
       1
       0
       1
       1
       0
       2
       1
       0
       1
       0
       1
       0
       0
       0
       0
       0
       0
       0
       1
       0
       0
       0
       1
       2
       0
       1
       0
       0
       0
       0
       0
       1
       0
       1
       2
       0
       1
       0
       1
       0
       0
       0
       0
       0
       2
       0
       0
       1
       0
       1
       1
       0
       2
       0
       1
       0
       0
       0
       1
       0
       1
       2
       0
       0
       1
       1
       0
       0
       1
       1
       0
       1
       0
       0
       0
       0
       0
       0
       0
       0
       0
       0
       1
       0
       0
       0
       0
       0
       0
       0
       0
       2
       0
       3
       0
       0
       0
       0
       0
       1
       0
       0
       0
       0
       0
       0
       0
       0
       1
       1
       0
       0
       0
       0
       0
       1
       0
       0
       1
       0
       0
       1
       0
       0
       0
       0
       1
       0
       0
       0
       0
       1
       0
       0
       0
       1
       1
       0
       1
       0
       1
       1
       0
       0
       1
       0
       0
       1
       0
       0
       0
       0
       0
       0
       1
       2
       0
       0
       0
       0
       0
       0
       0
       0
       1
       0
       0
       0
       2
       0
       0
       1
       1
       0
       0
       1
       2
       0
       1
       0
       0
       1
       0
       0
       0
       0
       1
       0
       0
       0
       1
       0
       0
       0
       0
       0
       1
       0
       0
       0
       1
       1
       1
       1
       0
       0
       0
       1
       1
       0
       0
       0
       2
       1
       0
       0
       0
       3
       0
       1
       0
       1
       0
       2
       1
       1
       0
       0
       0
       1
       0
       1
       0
       0
       0
       0
       0
       1
       1
       0
       0
       0
       1
       1
       2
       0
       1
       0
       1
       1
       0
       1
       0
       1
       0
       0
       0
       2
       0
       2
       1
       1
       0
       1
       1
       0
       2
       2
       1
       2
       2
       1
       1
       0
       1
       0
       3
       1
       2
       0
       2
       0
       0
       2
       1
       0
       0
       3
       0
       0
       0
       0
       0
       1
       0
       1
       0
       0
       0
       1
       0
       1
       0
       0
       0
       1
       1
       2
       2
       0
       1
       2
       0
       0
       1
       0
       1
       3
       0
       2
       0
       0
       1
       1
       1
       2
       0
       2
       1
       0
       1
       0
       0
       0
       2
       0
       0
       1
       0
       0
       0
       1
       2
       0
       1
       0
       1
       2
       0
       0
       0
       0
       1
       0
       1
       1
       1
       0
       0
       2
       0
       1
       1
       0
       1
       1
       0
       0
       1
       0
       0
       0
       0
       1
       2
       0
       1
       0
       0
       2
       1
       1
       1
       0
       0
       0
       2
       1
       1
       1
       0
       3
       0
       1
       1
       0
       0
       1
       1
       1
       0
       0
       1
       0
       0
       1
       2
       0
       0
       1
       2
       2
       0
       1
       0
       1
       0
       0
       0
       3
       1
       1
       1
       2
       2
       0
       1
       1
       0
       1
       0
       1
       1
       2
       0
       1
       0
       1
       2
       0
       0
       0
       0
       2
       2
       0
       3
       1
       1
       0
       2
       0
       1
       0
       1
       0
       0
       0
       1
       0
       1
       1
       1
       1
       0
       0
       0
       1
       2
       2
       0
       0
       1
       0
       1
       0
       1
       1
       1
       2
       1
       0
       0
       0
       0
       1
       2
       0
       1
       1
       2
       1
       0
       0
       0
       0
       0
       0
       0
       1
       1
       2
       0
       1
       0
       0
       1
       0
       0
       0
       0
       2
       1
       1
       0
       0
       0
       0
       0
       0
       0
       1
       0
       0
       1
       1
       0
       0
       1
       0
       0
       1
       0
       0
       0
       1
       0
       2
       0
       0
       1
       0
       0
       0
       1
       0
       0
       0
       1
       0
       0
       0
       0
       0
       0
       0
       0
       0
       1
       0
       1
       0
       0
       0
       0
       1
       0
       1
       0
       3
       0
       0
       0
       0
       0
       0
       0
       0
       0
       0
       0
       0
       0
       0
       0
       0
       0
       0
       1
       1
       0
       0
       0
       0
       0
       0
       0
       0
       0
       0
       0
       0
       0
       3
       1
       0
       1
       0
       0
       0
       0
       0
       0
       0
       1
       1
       0
       0
       1
       0
       0
       0
       0
       0
       1
       0
       1
       0
       0
       0
       0
       0
       1
       0
       0
       0
       0
       0
       1
       0
       0
       2
       0
       0
       1
       0
       0
       0
       0
       0
       0
       0
       0
       0
       0
       0
       0
       0
       0
       0
       0
       1
       0
       0
       0
       0
       0
       0
       0
       1
       0
       0
       0
       0
       0
       0
       0
       0
       0
       0
       0
       0
       0
       0
       0
       0
       0
       0
       0
       0
       0
       0
       0
       0
       0
       0
       0
       0
       0
       0
       0
       1
       0
       0
       0
       0
       0
       0
       0
       0
       0
       0
       0
       0
       0
       0
       0
       0
       0
       0
       0
       0
       0
       0
       0
       0
       0
       0
       0
       0
       0
       0
       0
       0
       0
       0
       0
       0
       0
       0
       0
       0
       0
       0
       0
       0
       0
       0
       0
       0
       0
       0
       0
       0
       0
       0
       0
       0
       0
       0
       0
       0
       0
       0
       0
       0
       0
       0
       0
       0
       0
       0
       0
       0
       0
       0
       0
       0
       0
       0
       0
       0
       0
       0
       0
       0
       0
       0
       0
       0
       0
       0
       0
       0
       0
       0
       0
       0
       0
       0
       0
       0
       0
       0
       0
       0
       0
       0
       0
       0
       0
       0
       0
       0
       0
       0
       0
       0
       0
       0
       0
       0
       0
       0
       0
       0
       0
       0
       0
       0
       0
       0
       0
       0
       0
       0
       0
       0
       0
       0
       0
       0
       0
       0
       0
       0
       0
       0
       0
       0
       0
       0
       0
       0
       0
       0
       0
       0
       0
       0
       0
       0
       0
       0
       0
       0
       0
       0
       0
       0
       0
       0
       0
       0
       0
       0
       0
       0
       0
       0
       0
       0
       0
       0
       0
       0
       0
       0
       0
       0
       0
       0
       0
       0
       0
       0
       0
       0
       0
       0
       0
       0
       0
       0
       0
       0
       0
       0
       0
       0
       0
       0
       0
       0
       0
       0
       0
       0
       0
       0
       0
       0
       0
       0
       0
       0
       0
       0
       0
       0
       0
       0
       0
       0
       0
       0
       0
       0
       0
       0
       0
       0
       0
       0
       0
       0
       0
       0
       0
       0
       0
       0
       0
       0
       0
       0
       0
       0
       0
       0
       0
       0
       0
       0
       0
       0
       0
       0
       0
       0
       0
       0
       0
       0
       0
       0
       0
       0
       0
       0
       0
       0
       0
       0
       0
       0
       0
       0
       0
       0
       0
       0
       0
       0
       0
       0
       0
       0
       0
       0
       0
       0
       0
       0
       0
       0
       0
       0
       0
       0
       0
       0
       0
       0
       0
       0
       0
       0
       0
       0
       0
       0
       0
       0
       0
       0
       0
       0
       0
       0
       0
       0
       0
       0
       0
       0
       0
       0
       0
       0
       0
       0
       0
       0
       0
       0
       0
       0
       0
       0
       0
       0
       0
       0
       0
       0
       0
       0
       0
       0
       0
       0
       0
       0
       0
       0
       0
       0
       0
       0
       0
       0
       0
       0
       0
       0
       0
       0
       0
       0
       0
       0
       0
       0
       0
       0
       0
       0
       0
       0
       0
       0
       0
       0
       0
       0
       0
       0
       0
       0
       0
       0
       0
       0
       0
       0
       0
       0
       0
       0
       0
       0
       0
       0
       0
       0
       0
       0
       0
       0
       0
       0
       0
       0
       0
       0
       0
       0
       0
       0
       0
       0
       0
       0
       0
       0
       0
       0
       0
       0
       0
       0
       0
       0
       0
       0
       0
       0
       0
       0
       0
       0
       0
       0
       0
       0
       0
       0
       0
       0
       0
       0
       0
       0
       0
       0
       0
       0
       0
       0
       0
       0
       0
       0
       0
       0
       0