0
0
0
0
0
0
0
0
-1.16087
1.97479
-1.08674
3.04892
4.62935
-0.951083
-0.457387
-8.38326
-2.235
-2.81543
0.839133
-5.66717
-1.72869
-3.7413
-0.383257
-2.72869
2.83913
3.765
1.48109
-3.45739
0.197176
4.765
2.2587
0.55522
-1.30913
8.98739
-0.667171
-3.66717
-3.16087
0.123046
1.55522
2.91326
-4.81543
3.55522
0.55522
4.48109
-5.235
-3.59304
4.19718
-1.08674
-6.02521
-5.17347
1.97479
-0.802824
-0.59304
-6.30913
0.197176
-4.66717
-0.876954
-1.95108
-0.309127
-2.235
0.123046
-3.30913
-4.235
-3.30913
-2.44478
-4.95108
-3.30913
0.974787
-3.95108
1.12305
-1.59304
3.19718
2.40696
-4.16087
-0.0867367
2.83913
3.27131
-2.59304
-4.66717
-4.09934
-0.51891
-1.44478
2.04892
-0.234997
0.123046
-0.802824
-4.38326
-5.7413
-3.95108
8.98739
3.34544
-1.235
-1.58043
0.987393
7.55522
-1.51891
0.987393
0.419567
3.83913
8.19718
-1.80282
7.765
5.34544
7.04892
3.765
2.04892
2.12305
-2.59304
5.41957
-1.44478
6.61674
-7.17347
-3.37065
-0.44478
0.913263
1.83913
1.83913
-4.95108
0.123046
2.40696
-4.44478
1.62935
2.62935
5.27131
0.987393
0.123046
-4.02521
4.34544
-1.87695
-1.235
-2.16087
2.62935
2.18457
-4.38326
-2.95108
1.83913
-1.87695
-1.87695
2.12305
0.839133
-2.51891
-2.235
-8.02521
3.98739
-0.44478
4.55522
-3.95108
-2.37065
-3.02521
1.55522
0.765003
-0.234997
-1.87695
-1.08674
-7.235
-3.37065
1.12305
1.70348
-2.87695
-2.59304
-0.0867367
-1.51891
-0.59304
-3.66717
5.98739
-0.44478
2.19718
-4.02521
-3.7413
4.70348
2.12305
-6.16087
-0.951083
-0.51891
-0.0867367
-0.59304
-5.59304
-1.87695
3.19718
-1.235
2.12305
-0.234997
-6.59304
-1.16087
3.34544
-3.80282
0.271307
-4.16087
2.98739
-0.802824
1.12305
-0.234997
3.27131
1.70348
4.27131
-5.30913
-0.728693
0.123046
-2.16087
1.04892
-7.7413
-4.235
4.62935
2.40696
-1.235
-1.95108
2.27131
1.91326
-2.16087
-0.728693
5.13565
1.48109
3.98739
-6.38326
3.48109
-1.38326
1.40696
-4.51891
-6.38326
-0.0867367
1.765
-1.16087
-3.235
1.19718
1.19718
-0.802824
-2.16087
-0.654563
-0.59304
5.765
-5.30913
6.98739
-4.44478
-8.38326
-2.72869
9.27131
-2.87695
-2.38326
2.27131
3.19718
-1.37065
2.91326
-1.59304
4.91326
-0.0867367
-4.16087
4.33283
0.765003
0.40696
-1.95108
-1.51891
4.06152
-5.235
2.12305
-3.80282
0.197176
0.123046
0.258699
2.55522
-1.59304
-2.30913
2.27131
-1.51891
5.55522
-0.37065
0.62935
-0.951083
2.48109
0.48109
1.55522
1.61674
-2.51891
-0.728693
-0.160867
0.62935
-1.87695
1.27131
5.06152
1.19718
-1.59304
-2.59304
-3.235
1.27131
0.197176
-4.95108
3.34544
-2.44478
-5.51891
-1.37065
0.765003
-3.72869
2.70348
7.98739
0.913263
-0.234997
1.98739
-1.16087
0.48109
1.12305
4.12305
2.34544
-2.16087
-0.0126066
-7.02521
2.91326
0.419567
1.19718
-1.08674
-1.95108
3.91326
4.62935
-3.01261
4.62935
0.0615232
-4.80282
-2.16087
3.06152
1.27131
-0.876954
-0.802824
2.06152
-6.66717
1.34544
-2.87695
-3.08674
1.34544
-6.30913
-0.802824
1.34544
2.13565
-3.235
3.19718
-4.59304
4.27131
-4.16087
0.62935
1.13565
-1.01261
4.06152
-2.16087
5.98739
0.271307
4.06152
1.27131
0.987393
5.98739
-4.16087
-1.80282
3.19718
-0.44478
0.62935
2.62935
1.27131
-3.16087
-4.38326
-5.235
-2.72869
1.55522
-0.234997
-1.37065
-3.59304
0.839133
-4.16087
2.55522
2.06152
-1.16087
4.55522
-0.44478
-5.66717
5.19718
-1.65456
-0.51891
2.06152
-5.30913
-2.08674
-0.160867
-0.876954
-1.59304
0.62935
4.19718
4.41957
1.34544
-3.72869
-1.87695
1.06152
2.98739
2.27131
1.98739
-1.37065
-3.87695
0.62935
-2.235
1.77761
-3.59304
-2.95108
-1.87695
2.55522
0.271307
1.62935
-4.51891
-0.44478
1.06152
-1.01261
1.40696
-0.0126066
-4.235
4.06152
-1.16087
-1.65456
3.41957
-2.59304
0.62935
-2.51891
-3.30913
0.77761
3.55522
2.98739
-0.160867
-5.01261
-1.37065
-1.29652
2.34544
-1.01261
1.48109
-0.580433
10.3454
0.123046
6.19718
-0.802824
3.19718
-3.08674
-0.0126066
-2.29652
-3.51891
0.77761
-0.938477
-1.16087
0.913263
-2.01261
-1.08674
5.27131
-0.876954
1.48109
0.913263
-4.66717
0.271307
2.41957
3.70348
-1.08674
4.70348
0.0615232
-0.0126066
2.06152
1.27131
5.13565
0.70348
-1.65456
3.19718
0.62935
-3.51891
1.27131
4.91326
-0.0867367
-3.16087
-0.160867
1.91326
5.77761
-0.0126066
-0.0867367
0.70348
1.48109
-4.08674
-3.51891
-0.37065
4.34544
-0.802824
4.06152
-2.37065
0.987393
-1.01261
-0.654563
-2.44478
-0.44478
-2.59304
-0.0867367
-6.51891
-2.80282
-3.87695
-0.0126066
-0.29652
2.70348
-1.72869
3.06152
1.765
0.55522
0.345437
-7.30913
-1.01261
-1.37065
-2.80282
-1.16087
-0.44478
-0.0867367
1.48109
-1.44478
-0.29652
1.55522
2.34544
1.19718
4.55522
-3.44478
-2.80282
-0.728693
1.77761
-2.44478
-1.95108
1.27131
-0.728693
3.27131
0.197176
-3.16087
0.345437
2.48109
-0.580433
2.34544
-2.16087
3.06152
0.123046
-2.59304
-5.235
0.987393
4.98739
-0.234997
4.13565
-3.51891
0.70348
0.271307
4.34544
-2.16087
1.06152
3.70348
0.123046
-3.72869
-2.65456
-1.72869
2.62935
-4.44478
-2.235
1.34544
-0.44478
-4.72869
3.85174
-3.51891
3.70348
-4.95108
-4.80282
-1.72869
-0.0867367
-1.58043
1.27131
1.41957
-3.51891
-5.16087
0.913263
-3.72869
0.271307
0.345437
0.123046
-3.80282
0.345437
-3.08674
-1.37065
2.55522
-0.580433
-4.72869
-0.29652
3.27131
-2.37065
-2.37065
0.271307
3.34544
0.70348
2.06152
3.91326
0.62935
-1.22239
-3.72869
-0.44478
2.62935
-5.235
-3.16087
-1.72869
-2.37065
-2.65456
-0.0126066
0.913263
-3.44478
1.55522
1.34544
2.34544
-2.44478
0.345437
-0.29652
0.55522
1.34544
0.62935
-1.37065
0.135653
-0.22239
-4.37065
4.06152
1.13565
-0.0126066
2.13565
-5.08674
-5.16087
0.70348
-3.44478
2.62935
1.70348
3.41957
-2.37065
-0.37065
-0.728693
-2.65456
-5.72869
-4.08674
5.77761
-0.0126066
-3.29652
-2.22239
-0.728693
0.135653
0.987393
-3.37065
-5.44478
-3.37065
-1.22239
-2.08674
0.913263
-1.37065
-1.86435
0.271307
-2.37065
-0.0126066
-0.29652
2.13565
-1.29652
5.41957
0.70348
-2.08674
-3.65456
0.987393
2.4937
-2.65456
0.0615232
-3.29652
1.06152
-1.72869
0.77761
-3.80282
-1.37065
2.4937
-0.580433
-0.580433
-1.72869
-2.65456
-2.65456
0.0615232
-0.29652
-2.65456
0.345437
-1.29652
-2.08674
-0.29652
1.06152
0.913263
0.345437
1.41957
-0.22239
-3.22239
-1.29652
-0.654563
-0.864347
-1.58043
-0.44478
-2.29652
-2.29652
0.419567
-1.14826
-1.65456
-0.506303
1.85174
-1.22239
-0.14826
-1.44478
-3.65456
-2.72869
-3.29652
-2.29652
0.345437
-3.01261
5.13565
0.85174
-2.5063
-0.22239
-0.790217
2.77761
1.77761
-0.29652
-4.01261
0.70348
-1.29652
3.70348
-5.80282
1.13565
-0.506303
3.06152
0.135653
0.0615232
-3.65456
-2.37065
-2.93848
1.77761
-1.5063
-2.65456
0.493697
2.13565
1.85174
-0.864347
1.85174
3.13565
-1.72869
1.85174
2.13565
-0.654563
0.70348
-2.01261
-4.65456
1.85174
-1.29652
-4.37065
0.0615232
-1.93848
-2.29652
3.41957
-0.22239
-0.506303
4.77761
0.209783
-4.01261
-0.432173
3.41957
-0.864347
0.135653
0.493697
-1.14826
0.85174
3.85174
-2.93848
-1.37065
-0.22239
2.56783
-2.93848
-1.93848
0.135653
0.567827
3.41957
-1.01261
4.77761
2.77761
1.20978
-0.864347
-1.22239
-1.58043
-1.86435
-0.14826
-3.29652
-1.65456
2.13565
-1.29652
0.493697
1.13565
1.41957
1.41957
2.13565
1.13565
1.92587
-2.58043
-0.29652
1.77761
0.0615232
1.13565
-1.01261
-0.506303
-1.86435
1.34544
0.493697
2.56783
0.567827
-2.37065
3.20978
5.13565
3.4937
-0.432173
-0.22239
-0.580433
2.13565
1.85174
0.0615232
1.20978
0.135653
1.41957
2.13565
-1.93848
-0.506303
0.419567
-1.22239
1.41957
1.4937
-2.29652
-1.58043
0.77761
-2.86435
-1.5063
-0.864347
-3.80282
-1.65456
-3.22239
-2.58043
-4.29652
-1.22239
-3.01261
-0.14826
-0.22239
1.06152
-2.58043
0.135653
-0.938477
-0.22239
1.20978
-1.14826
-3.29652
1.20978
4.06152
-0.938477
-0.864347
-1.58043
1.06152
-1.14826
-0.864347
-1.58043
5.13565
-0.864347
-2.58043
0.419567
-1.65456
-0.938477
1.85174
1.20978
0.209783
0.567827
-0.938477
-0.14826
-4.08674
-1.5063
-1.86435
1.41957
-0.654563
0.85174
-2.22239
2.85174
0.70348
-0.938477
0.135653
-5.01261
-1.37065
2.4937
1.41957
-0.22239
0.493697
1.34544
-4.37065
-1.29652
-0.14826
0.419567
1.41957
0.419567
-1.93848
0.987393
-2.22239
-1.86435
1.4937
-0.22239
-1.93848
-1.22239
0.567827
-0.580433
1.70348
2.13565
1.56783
-1.5063
-0.22239
-0.506303
0.493697
2.56783
-3.65456
0.493697
-1.14826
0.493697
-3.65456
-0.506303
-1.93848
-1.5063
-3.22239
1.70348
-0.506303
-0.790217
0.209783
-1.5063
-0.22239
0.209783
2.20978
-1.07413
-1.14826
4.56783
1.4937
-1.58043
-0.580433
0.345437
-0.790217
0.77761
1.56783
-1.22239
-1.22239
4.85174
-1.22239
-0.864347
-1.43217
-4.29652
-0.22239
0.92587
-1.86435
2.20978
-1.22239
-1.86435
-2.58043
3.20978
-1.22239
-1.79022
1.13565
-1.22239
-1.79022
-3.29652
-0.432173
0.493697
-0.864347
2.85174
-2.93848
0.135653
-0.14826
-0.14826
-0.22239
-1.79022
-1.22239
0.85174
-3.65456
5.20978
1.92587
-0.432173
0.283913
-0.864347
-0.506303
0.493697
-0.506303
-2.86435
-1.22239
-0.0741301
-0.14826
-0.790217
-2.86435
0.85174
-0.864347
-0.864347
-3.93848
-2.22239
-2.22239
0.85174
4.85174
-0.790217
-3.37065
-3.58043
-2.22239
-3.58043
0.92587
-1.86435
2.56783
-1.79022
-4.29652
-1.86435
-1.86435
1.28391
2.28391
-1.22239
-0.864347
5.20978
2.4937
-3.29652
1.4937
-0.506303
-1.5063
-1.22239
0.92587
0.567827
-0.14826
-1.22239
-0.0741301
-2.86435
-0.432173
-1.86435
-1.93848
-0.864347
-1.14826
1.4937
-0.506303
-0.790217
-0.432173
0.92587
-2.22239
0.209783
-0.506303
0.209783
1.85174
-1.07413
-1.43217
0.209783
3.56783
-2.14826
-2.14826
5.64196
-1.86435
-2.58043
1.56783
0.567827
0.567827
-2.86435
-1.5063
0.85174
1.92587
1.20978
-2.86435
-0.432173
2
1.13565
-2.22239
1.56783
0.493697
-1.14826
-1.79022
-0.0741301
-0.506303
1.56783
-0.864347
1.20978
-0.14826
-0.14826
-2.86435
-0.716087
0.77761
-1.5063
-2.58043
0.92587
-0.22239
0.92587
-0.432173
-1.5063
-2.14826
1.56783
-0.22239
1.92587
0.567827
0.419567
1.4937
-3.93848
-0.506303
-0.14826
-1.22239
0.92587
-2.93848
-1.07413
-1.43217
-1.93848
-1.07413
0.85174
-0.14826
-0.790217
0.209783
-1.5063
0.567827
1.20978
-1.93848
-1.07413
-0.14826
2.92587
1.13565
0.92587
2.92587
2.56783
-0.0741301
-1.93848
-1.14826
-0.790217
1.13565
1.92587
-0.864347
-0.0741301
0.567827
0.92587
-1.07413
1.92587
-1.14826
-0.432173
1.28391
-0.432173
-4.01261
-0.506303
-1.14826
1.28391
-1.14826
-1.14826
0.209783
0.209783
0.209783
-0.790217
-1.86435
-1.86435
1.56783
2.20978
0.92587
-1.5063
-1.22239
0.493697
1.13565
-1.79022
-1.14826
1.20978
0.209783
-0.790217
-2.14826
-0.432173
-0.14826
1.92587
0.209783
0.209783
-1.14826
-2.5063
3.28391
3.56783
-2.86435
2.28391
4.28391
-0.790217
-0.790217
-0.790217
-0.0741301
-1.58043
2.56783
-0.14826
-2.86435
-1.43217
-2.22239
2.92587
-1.43217
1.4937
-1.5063
-1.79022
2.13565
1.20978
-1.79022
0.209783
0.283913
0.567827
-0.432173
1.92587
-0.432173
1.4937
-0.580433
0.493697
0.567827
-1.07413
2.20978
-2.58043
-2.58043
-0.790217
-0.506303
-1.79022
0.209783
-2.22239
-1.07413
1.92587
2.64196
-2.14826
-2.5063
1.56783
0.567827
-0.14826
1.28391
-0.790217
0.85174
-1.43217
0.85174
0.209783
2.4937
-0.14826
0.567827
-2.58043
-1.43217
-3.22239
2.4937
0.209783
1.28391
-2.14826
-2.14826
0.283913
1.20978
-1.43217
0.92587
0.92587
2.28391
1.20978
-0.0741301
-0.790217
0.567827
-2.14826
-0.14826
-1.14826
1.56783
2.20978
-0.14826
-0.864347
-1.14826
-0.432173
-0.864347
-1.14826
1.28391
0.209783
-1.14826
-1.93848
-0.0741301
-1.14826
-0.0741301
-1.14826
-0.864347
-0.938477
-1.5063
1.28391
-0.790217
0.209783
-1.07413
0.567827
0.92587
-1.79022
-0.864347
0.567827
3.28391
-2.22239
-2.14826
0.92587
-0.506303
1.92587
0.641957
-0.790217
-1.07413
0.567827
1.56783
0.209783
-1.79022
-2.22239
0.567827
-0.790217
0.85174
1.28391
1.4937
0.209783
-1.14826
-1.43217
1.56783
-1.43217
-0.506303
0.567827
0.85174
0.283913
0.135653
-1.86435
0.85174
-1.86435
0.493697
-1.14826
-2.93848
1.28391
0.209783
-0.14826
-1.14826
-1.79022
-0.790217
-2.5063
0.283913
-0.0741301
-0.0741301
0.209783
-2.5063
0.567827
0.567827
-0.14826
-1.79022
0.567827
-2.14826
-0.0741301
0.283913
-0.790217
-0.864347
-0.716087
0.641957
0.567827
1.28391
0.92587
-0.864347
-0.790217
-1.07413
-0.0741301
-1.5063
-1.07413
-0.506303
-1.79022
0.567827
-0.790217
0.567827
0.92587
-0.432173
-0.432173
0.567827
-0.0741301
-1.14826
-0.790217
0.567827
-0.0741301
-0.0741301
-1.14826
-2.14826
0.92587
-1.79022
-2.86435
-2.14826
0.283913
3.64196
0.283913
-1.07413
0.493697
-1.93848
-0.864347
2.28391
1.28391
0.283913
-1.14826
-2.14826
-0.506303
1.56783
-0.14826
0.283913
-1.5063
0.567827
0.92587
1.28391
-0.790217
-1.07413
-1.43217
3
1.92587
-1.14826
0.209783
0.92587
0.641957
1.20978
-0.14826
0.567827
0.419567
-2.14826
-2.58043
-3.93848
1.28391
-0.432173
-0.432173
-1.5063
-0.506303
3.20978
-0.0741301
2
-1.43217
-0.790217
1.20978
2.92587
-0.432173
0.567827
1.20978
2.64196
0.567827
-0.864347
0.209783
-1.79022
4.56783
0.85174
2
2.64196
-0.790217
0.209783
0.92587
-0.790217
-1.5063
1.92587
-0.790217
0.85174
0.92587
0.209783
4.28391
0.209783
3.56783
0.567827
0.209783
0.567827
-0.432173
2.92587
1.64196
-0.506303
0.92587
2.56783
1.20978
-0.358043
2.4937
3.56783
3.28391
0.85174
1.85174
-2.37065
-1.58043
1.20978
0.493697
1.28391
-0.0741301
1.28391
2.92587
0.77761
0.283913
-2.14826
1.20978
1.28391
-0.790217
1.56783
0.209783
2.85174
-0.506303
0.85174
2.56783
-0.0741301
-0.14826
-0.864347
-2.14826
0.135653
0.493697
0.85174
0.567827
0.567827
-1.14826
0.283913
-2.14826
1.56783
1.28391
-0.790217
0.209783
1.56783
-0.29652
3.92587
0.85174
-1.5063
4.92587
0.209783
-1.5063
-0.14826
4.56783
-1.43217
2.92587
-1.43217
0.493697
0.92587
1.56783
0.283913
3.92587
-0.432173
0.92587
0.209783
2.56783
-2.14826
1.64196
0.92587
1.28391
1.20978
-1.43217
0.493697
0.92587
1.85174
-0.432173
0.493697
-2.14826
-1.14826
0.641957
2.28391
-0.716087
-0.580433
0.209783
1.28391
-1.14826
0.567827
-0.864347
0.85174
0.135653
-1.5063
-0.14826
0.209783
0.567827
1.56783
-0.864347
-1.79022
-1.5063
0.92587
-1.07413
-0.432173
0.209783
-0.432173
-0.0741301
-2.5063
-0.432173
0.135653
2.28391
0.209783
-2.5063
-1.5063
-0.14826
0.283913
0.85174
3.28391
-1.86435
-2.93848
0.209783
0.209783
-1.07413
0.77761
-2.86435
1.56783
-1.07413
-0.716087
3.28391
0
-1.14826
-1.43217
1.20978
-0.14826
-0.0741301
-2.14826
1.92587
1.20978
-1.07413
-1.07413
-1.79022
-2.58043
0.92587
1.28391
-1.93848
-1.07413
-1.43217
2.56783
-0.14826
-0.432173
-0.432173
-0.790217
-1.14826
-1.07413
-3.22239
1.64196
0.209783
-0.0741301
0.567827
1.92587
-1.79022
-1.79022
-2.86435
-0.0741301
-0.790217
-1.43217
0.283913
-0.864347
1.20978
0.567827
-1.07413
0.567827
0.209783
-0.716087
0.567827
-1.07413
-0.358043
0.283913
0.92587
-1.79022
-0.22239
-0.864347
-1.5063
-0.0741301
-0.0741301
-1.43217
0.283913
-0.432173
-1.43217
-1.86435
-2.86435
0.92587
-2.14826
-1.5063
-0.432173
-1.07413
-1.5063
-1.79022
-3.22239
0.135653
-1.79022
-0.716087
-1.07413
-0.716087
-1.79022
-0.716087
0.209783
0.283913
-1.07413
1.28391
-0.14826
0.493697
-0.432173
-1.07413
-1.43217
-0.506303
0.567827
-0.432173
-0.0741301
-1.43217
-2.86435
0.567827
-0.432173
-0.358043
-0.790217
0.92587
-3.22239
-1.07413
-1.5063
-0.0741301
-1.14826
-0.790217
-1.43217
0.567827
-1.43217
-0.790217
1.28391
-1.43217
3.28391
-0.432173
-2.5063
-0.432173
0.567827
-1.79022
-1.07413
0.209783
0.209783
-0.432173
-2.5063
-0.790217
2
-1.07413
-1.43217
1.64196
-1.07413
0.92587
-0.0741301
-0.0741301
-0.432173
-0.0741301
-0.432173
-0.432173
-1.43217
0.209783
-0.432173
-0.0741301
-2.14826
-1.43217
-0.716087
-0.432173
-1.07413
0.283913
-0.716087
-1.5063
0.92587
-1.43217
1.20978
-1.43217
-0.432173
-0.432173
0.85174
-0.0741301
-0.0741301
-0.716087
-0.864347
-1.79022
-1.07413
-1.14826
-1.14826
0.283913
-1.79022
0.641957
1.28391
-1.79022
-0.716087
-1.79022
-0.716087
-0.432173
-0.790217
-3.22239
-1.43217
-2.14826
-1.07413
1
-0.0741301
-2.86435
-0.506303
-2.5063
0.641957
2.64196
0.92587
1.92587
0.283913
-0.716087
0.641957
-1.43217
-1.5063
-0.790217
-0.0741301
0.283913
-0.358043
-2.14826
-0.716087
-0.716087
-1.07413
-2.14826
-0.790217
0.641957
-2.14826
0.283913
-0.790217
-1.07413
-1.79022
0.283913
-0.0741301
0.567827
-0.716087
0
-0.790217
1.56783
0.283913
0.92587
-2.5063
-0.716087
-1.43217
-1.43217
-1.07413
-1.07413
0.567827
-2.14826
0.92587
0.92587
-1.79022
-1.79022
-0.0741301
-0.432173
-0.432173
-0.0741301
1.56783
-0.358043
-0.432173
-1.07413
-0.358043
-0.14826
-0.14826
0
-0.506303
0.641957
-0.358043
-1.43217
-0.716087
-0.358043
-1.14826
-0.358043
-0.716087
-1.79022
-1.43217
-1.22239
-1.43217
-1.43217
-1.07413
-1.07413
-1.86435
-1.43217
0.641957
-1.5063
-2.14826
0
-0.716087
-0.716087
-0.432173
2.28391
0.641957
1
-0.716087
-1.07413
-1.07413
-1.07413
0.567827
-0.716087
0.283913
-2.5063
-1.14826
-0.716087
-1.07413
-1.79022
-0.0741301
0
-0.358043
0
1.28391
-1.07413
0.641957
-1.07413
-1.07413
-2.5063
-1.43217
-0.358043
-1.07413
-1.14826
-0.432173
1
0.641957
-0.790217
-1.43217
-0.716087
1.92587
-0.716087
-0.432173
-2.14826
-0.716087
-0.716087
-1.07413
-1.07413
-0.358043
-0.716087
-1.43217
-2.14826
-0.790217
-1.43217
-1.07413
-0.716087
0.641957
0
0.641957
-0.358043
-1.07413
-0.432173
0.283913
-0.790217
-0.432173
-0.0741301
-1.07413
2
-1.43217
-0.432173
-0.358043
-1.43217
-0.0741301
-1.07413
0.92587
-1.07413
-0.358043
-0.358043
-2.14826
0.567827
-0.432173
-1.79022
0.92587
-1.43217
-0.432173
-1.07413
-0.358043
-0.358043
-0.716087
-0.358043
-2.14826
0
-0.358043
-1.43217
-1.07413
-1.14826
-1.07413
-0.0741301
-0.716087
-0.432173
-0.358043
0.283913
-1.43217
-1.07413
-0.358043
-0.716087
-0.716087
-1.79022
-1.43217
-1.43217
-1.07413
-0.432173
-0.14826
-0.432173
-1.43217
1.28391
-0.716087
-0.716087
-0.716087
-0.432173
0.641957
-1.07413
-0.716087
0.209783
-0.716087
1
-0.432173
0.209783
-0.358043
-1.43217
0.567827
0.283913
-0.432173
-0.0741301
-1.07413
0
1.64196
-0.358043
-1.14826
-0.716087
-1.43217
0.283913
0.641957
0.641957
-1.79022
-1.07413
0.641957
-0.358043
-0.358043
-1.79022
-1.43217
0
-0.358043
-0.0741301
-0.432173
-1.43217
-0.358043
2.28391
-1.07413
-0.0741301
-1.86435
-0.358043
-1.07413
0.92587
-1.07413
0.283913
1.28391
-0.0741301
-0.358043
-0.0741301
-2.14826
-0.716087
-1.07413
0
-1.07413
-0.716087
0
-0.716087
-1.5063
-1.07413
1.28391
-0.358043
-1.79022
0.283913
-0.358043
-1.07413
0.283913
-1.07413
-0.358043
0.283913
-1.07413
-0.358043
-0.716087
0.92587
-0.432173
-1.86435
-1.07413
0.283913
-1.07413
-0.432173
-1.14826
-0.716087
-0.716087
-0.432173
-1.07413
-0.0741301
2
0.283913
-1.07413
-0.358043
0.283913
-0.358043
-0.716087
0
0.641957
1
-1.43217
-0.358043
0.641957
-0.0741301
-1.43217
-1.07413
1
-0.0741301
-1.5063
-0.716087
-1.07413
0.641957
2.64196
-0.358043
-0.716087
-1.07413
-0.790217
-0.358043
-1.43217
-0.716087
-0.0741301
1
-0.716087
-0.716087
-1.07413
2.92587
0.641957
-0.716087
-0.716087
-2.5063
-0.358043
-2.14826
-1.07413
-0.358043
-1.79022
0.283913
-1.07413
0
-0.506303
-1.07413
0.283913
-0.358043
0
0.92587
-1.07413
1.28391
1.64196
0.283913
-0.790217
-0.358043
0.283913
0.641957
-1.07413
-0.716087
0.283913
0
-0.0741301
0.641957
0.283913
-0.0741301
0.283913
-1.43217
0.283913
-0.716087
-0.358043
-1.07413
-1.79022
-0.716087
-1.79022
0.283913
0.641957
0.567827
-0.790217
-0.358043
0.283913
-0.716087
0.283913
-0.716087
0.641957
-0.358043
-0.716087
0.641957
-0.716087
-0.716087
-0.716087
1.28391
0.641957
0.641957
0.283913
0.567827
-1.43217
-0.358043
0.283913
-0.716087
-0.716087
0
-1.07413
-1.07413
-1.07413
-0.358043
0.283913
-0.358043
-0.716087
-0.716087
-0.716087
0.641957
-0.716087
-0.716087
-0.716087
-0.716087
-0.358043
-0.716087
0.641957
1.64196
-0.358043
-0.358043
0
-0.0741301
-0.358043
-0.716087
0.641957
1
-0.358043
0.283913
-0.716087
-0.358043
-0.358043
-0.358043
-0.432173
-0.716087
0.283913
-1.43217
-0.716087
-0.358043
-0.0741301
-0.358043
-1.07413
0.641957
1.64196
0
-0.716087
-0.358043
-0.716087
0.283913
0.283913
0.641957
-1.79022
-1.43217
0
-0.358043
1
-0.358043
-0.716087
-0.358043
-0.358043
-0.716087
-0.358043
0.92587
0.283913
1
0
0
0.283913
0
-0.716087
2.28391
0.283913
-1.79022
1.64196
-0.716087
0.283913
-1.07413
1.64196
-0.716087
-0.358043
-1.79022
-0.716087
-0.716087
-0.716087
-1.07413
-0.432173
-1.07413
-2.5063
-0.716087
0.283913
-0.716087
0
-1.79022
0.641957
-0.0741301
-0.358043
-0.0741301
0.283913
-1.79022
-1.43217
-0.358043
-0.716087
-0.716087
-0.358043
0.283913
-1.07413
0.283913
2
0.641957
0.567827
-0.358043
0
-1.07413
1.28391
0.567827
0.641957
-0.716087
-0.716087
2
0.641957
-1.07413
0.641957
0.641957
-0.358043
-0.716087
-1.07413
-0.716087
0.641957
-1.43217
0.641957
0
-1.79022
-0.716087
0
-0.716087
-0.716087
-0.716087
0
-1.07413
-0.716087
-0.0741301
-1.43217
-1.43217
-0.358043
0
-0.358043
2
0.641957
-1.07413
0.641957
0.283913
-0.358043
-0.716087
-0.358043
-0.358043
0.283913
-0.358043
0
-0.716087
0.641957
-1.79022
1.92587
-0.716087
-1.07413
0
-0.790217
-0.716087
1.28391
0
-0.358043
-0.358043
0
-0.358043
0.641957
0.283913
0
0.283913
-1.07413
-1.43217
0.283913
-0.358043
0.283913
-0.358043
-0.0741301
0
0
0.641957
-0.716087
0.641957
0
0.641957
-0.358043
0.283913
0.641957
1.64196
1
-0.716087
-0.358043
0
-0.358043
0
0.283913
1.28391
1
0
0.283913
0.641957
0.283913
-1.07413
-0.358043
-0.0741301
-1.07413
0
-0.358043
-1.43217
-1.07413
-0.358043
0.641957
-0.358043
-0.358043
0.641957
1.28391
-0.716087
-0.716087
0.641957
-1.43217
-0.358043
-0.716087
-0.358043
-1.43217
0.283913
0
-1.07413
0.283913
0.283913
0.283913
-0.358043
0.641957
-1.07413
1.64196
0.283913
-0.716087
-1.07413
0.641957
-0.716087
-0.716087
-0.716087
1
-1.07413
-1.07413
-0.358043
0.283913
1.64196
0
-0.716087
0
-0.0741301
0.641957
0.283913
-0.358043
-0.716087
-0.0741301
-0.716087
0.641957
2.64196
-1.07413
0.641957
-0.716087
-1.07413
-0.0741301
-1.79022
-0.716087
-0.358043
0.641957
-0.0741301
1.28391
1
0
-0.358043
-0.0741301
-0.0741301
-0.716087
-0.358043
0
-0.0741301
0.283913
-0.358043
-0.0741301
-0.0741301
-0.716087
0.641957
-1.07413
-0.358043
0
1.64196
-0.716087
1.64196
-0.716087
0.283913
-0.790217
3
-0.358043
0.641957
-0.716087
-0.358043
-0.358043
-0.716087
0
0
0
-1.43217
-0.716087
1
1
-0.358043
-1.79022
-1.07413
-0.716087
0.641957
-0.358043
0
0.641957
0
0
-0.432173
-1.43217
-0.716087
0
-0.358043
-1.43217
0
-0.358043
-0.358043
0.641957
-0.716087
-0.358043
0.283913
-0.358043
0.641957
-0.716087
-0.0741301
-0.358043
-0.358043
-0.358043
0.283913
0
-0.358043
-0.358043
0
-1.07413
0
-0.716087
-0.716087
0
0
0.641957
-0.358043
0.641957
2
-0.716087
-0.358043
-0.716087
-0.358043
-0.358043
-0.358043
0
-0.716087
0.641957
-0.716087
0
-0.358043
1
-1.14826
0.283913
-0.716087
-1.07413
1.28391
0
0
-0.716087
-1.43217
-1.07413
2.28391
0.92587
-1.07413
0.641957
0
-0.358043
-0.358043
0.641957
-0.716087
2
-0.358043
0
0
0
0
1
0
0
-0.358043
0
0
1.64196
-0.358043
2
-0.358043
-0.716087
-0.716087
-1.07413
0.641957
-0.358043
0
-0.358043
-0.358043
1
-0.358043
1.64196
0.641957
0
0
0.641957
1
0
0.641957
0.641957
1.64196
-0.358043
1.28391
-0.358043
-0.358043
-0.358043
-0.716087
-0.716087
0
-0.716087
-0.716087
-0.716087
1.64196
-0.358043
-0.358043
-0.716087
0.283913
-0.0741301
1
1
-0.716087
1.64196
-0.358043
-0.716087
-0.716087
0.641957
0.283913
0
1
1
-0.358043
-0.358043
-0.716087
-0.358043
-0.358043
0
-0.358043
0.283913
-0.716087
0
-0.716087
0
-0.358043
0
0
-0.358043
0
0
-0.358043
0
-0.358043
-0.358043
0
0.641957
-1.07413
-0.716087
0.283913
-0.358043
-0.716087
0.283913
0.283913
-0.716087
-0.358043
0.283913
0.641957
1
0.283913
-0.358043
0.641957
0.641957
0
-0.716087
-1.07413
0
0
0.641957
-0.358043
-0.358043
-0.358043
0
1.64196
-0.358043
-0.358043
1.28391
0
1
-0.358043
-0.358043
-0.358043
0.641957
0
0.283913
-0.716087
0.641957
0
-0.358043
-0.358043
0
0
-0.358043
-0.716087
0.283913
-1.07413
0
0
1
-0.0741301
0.641957
-1.07413
0
0
-1.07413
-0.716087
-0.358043
-0.358043
0.283913
0
-0.358043
-0.358043
-0.358043
-0.716087
0
0.641957
-0.716087
-0.358043
0
0
0.283913
-0.358043
-1.07413
0.283913
1
-0.358043
-1.07413
-0.716087
1.28391
-0.716087
0
-0.790217
2
-0.358043
-1.07413
0
1.28391
0
-0.358043
-0.716087
0.641957
-1.07413
1
1
0
0.92587
0
-0.716087
-0.358043
3
0
-0.358043
-0.358043
0
0.641957
0.641957
0
0.283913
-1.07413
-0.716087
-0.716087
-0.358043
0
1
1
-0.0741301
0
-0.358043
-0.358043
0.283913
-0.358043
0.92587
-0.0741301
0
0.641957
1
-1.07413
0
-0.358043
0.641957
0.283913
0.641957
-0.358043
0.283913
0
1
0.283913
-0.358043
-0.716087
0
-0.358043
1
1
-0.716087
0
-0.716087
0
0.641957
0
-0.716087
0.641957
0
-0.716087
0
0.283913
-0.358043
0.283913
-1.07413
-0.358043
-1.07413
-1.79022
-0.358043
0
-0.716087
-0.716087
0.641957
-0.358043
-0.358043
-0.716087
-1.07413
-0.358043
-1.07413
0
-0.358043
-0.716087
-0.716087
0
-0.358043
-0.358043
-0.358043
-0.358043
-0.358043
-0.358043
2.28391
-1.07413
0
-0.358043
1
0
0
-1.43217
0
0
-1.07413
0.283913
1
0.641957
-0.432173
0
0.283913
1
0.641957
-1.07413
0.641957
-0.716087
0.641957
-0.358043
-0.358043
-0.358043
0
0.641957
0.641957
-0.358043
-0.358043
-0.716087
0
-0.716087
-0.358043
-0.716087
-0.358043
0
-0.358043
1
-0.716087
-1.07413
2
0
0.641957
-1.07413
0
0
-0.358043
0
2
0.641957
0.283913
0
-0.358043
-0.358043
0
-0.358043
0
-0.358043
0
0
-0.0741301
0.641957
-0.716087
0.283913
-0.358043
0.641957
-0.358043
-0.358043
-0.358043
-0.358043
-0.716087
-0.358043
-0.358043
-0.358043
0.641957
-0.716087
-0.358043
1
-0.0741301
0.641957
0.641957
0
1
0
-0.716087
1
0.641957
0.283913
1
-0.358043
0
-0.716087
0
0
-0.358043
0.283913
1
-0.358043
0.283913
-1.07413
0.641957
-0.716087
-1.43217
-0.358043
0
0.641957
-0.358043
0.283913
0
0
0.283913
-0.358043
0
1
0.283913
0
-0.716087
1
1
-0.358043
-0.358043
-0.0741301
1
-0.716087
-0.716087
-1.07413
0.641957
0
-0.358043
0
0
-0.358043
-0.358043
-1.43217
0.641957
-0.716087
-0.358043
-0.358043
-0.358043
-0.716087
0.283913
-0.716087
-0.358043
-0.358043
-0.716087
-0.716087
1
-1.07413
-0.358043
0
-1.07413
0
-0.716087
-0.716087
2
-0.358043
-0.716087
-1.07413
-0.716087
-0.716087
0.92587
-0.716087
-0.358043
-1.07413
-0.358043
-0.716087
-0.716087
0
0
-0.358043
-0.716087
-0.358043
0.641957
-0.358043
-0.716087
-0.716087
0
-0.358043
0
0
0
0
-0.358043
0
-0.358043
0.641957
0.641957
-1.07413
4
0
1
-0.358043
0
-1.07413
-1.07413
-0.716087
-0.358043
1
0
-0.358043
-0.358043
-0.716087
0
-0.358043
0
-0.716087
-0.358043
-0.716087
-0.716087
-1.79022
-0.716087
0
-0.716087
-1.43217
1
-0.358043
-2.14826
-0.358043
0
0
-0.716087
0
0
0
0
0.641957
-0.358043
1.28391
0.641957
0
0.641957
-0.358043
-0.358043
-0.358043
0
-0.358043
0.641957
-0.358043
-0.358043
0.283913
-0.716087
-0.0741301
0.641957
-0.358043
0
0
-0.358043
-0.358043
1
0.283913
0.283913
0.641957
0
1
0
-0.358043
-2.14826
-0.358043
-1.43217
-1.07413
-0.716087
-0.716087
-0.358043
0
0
0
0
-1.43217
-0.358043
0
-0.358043
1
-0.716087
0
0
-0.358043
1
-0.716087
0
0
0
-0.716087
-0.0741301
-0.0741301
0.283913
-0.358043
-0.358043
-0.358043
0
0.641957
-0.358043
-0.716087
-0.716087
0
0
0.641957
-0.716087
0
0
0
-0.716087
-1.43217
1
-0.358043
-0.716087
-0.358043
-0.358043
0.641957
-0.358043
0.283913
-1.43217
0.283913
-0.0741301
0
-0.358043
-0.358043
-1.07413
0
-0.358043
-0.358043
1
1.28391
-0.358043
0
0
0
-0.716087
0.641957
-0.358043
1
-1.07413
-0.358043
0
-0.716087
0
-0.716087
1
0.641957
-0.358043
1
0
1
-0.358043
0
-0.716087
-0.358043
0
0
-0.358043
-0.358043
-1.07413
0
0.641957
0
0
0
0
0
-1.07413
-0.716087
-0.358043
1
-0.358043
-0.358043
0
0
-0.358043
-0.358043
-0.358043
0
0
-0.358043
0
-0.716087
-0.358043
0
0
0
0
0
0
-0.716087
-1.43217
0.641957
-0.716087
-0.358043
0.641957
1
-1.07413
-0.358043
1
0
-1.07413
-0.716087
-0.358043
-1.07413
0
-0.358043
0
0
0
0
0
-0.358043
-0.358043
0
-0.716087
0.641957
-0.358043
-1.07413
0
-0.716087
0
-0.716087
0
1
-0.716087
-0.358043
-0.358043
1
0
-0.716087
0
0
-0.358043
0
-0.358043
-0.358043
-0.358043
-0.358043
-0.358043
0
0.641957
0
1
-0.358043
-0.358043
0
1
-0.716087
1.64196
0
0.641957
-0.0741301
-0.358043
0
0.641957
-0.716087
-0.716087
-1.07413
-1.43217
-0.716087
0
0.641957
0
-0.358043
0.283913
-0.358043
0
-0.716087
-0.0741301
0
0
0
-1.07413
-0.358043
0
-0.716087
-0.358043
0
-0.716087
0
-0.0741301
0
0
-0.358043
0.641957
-1.43217
0
0
-0.358043
1.28391
0
1
-0.358043
-0.358043
0
1
0
0
-0.358043
0
0
-0.716087
0
-0.358043
-1.07413
-1.07413
-0.358043
-1.07413
-0.716087
2
-0.358043
-0.716087
-0.358043
0
-0.358043
-0.358043
0
0.641957
-0.0741301
-0.358043
1
-0.358043
-0.358043
-0.358043
-0.358043
0
-0.358043
2
0
1
0
0
0
-0.358043
-0.358043
-0.358043
0
0
0
-0.358043
-0.358043
0
-0.358043
-0.358043
-0.358043
0
0
0
-0.358043
0
-0.358043
-0.358043
0
-0.716087
-0.358043
1
0
-1.79022
0
-0.716087
2
-0.716087
0.283913
-0.0741301
0
0
0
1
1
-0.716087
-0.358043
0.641957
-0.358043
0
0.641957
0
-0.716087
-0.716087
0
-0.358043
0.641957
1.64196
-0.358043
-0.358043
0
0
-0.716087
-0.358043
-0.358043
0
-0.716087
-0.358043
1
0.641957
-0.358043
-0.358043
0
0
0
0
-1.07413
1
-0.358043
0
0
1
0.641957
0
0
-0.358043
0
-0.358043
-0.716087
-0.358043
0
0
0
-0.358043
-0.716087
0
0
-0.358043
-0.358043
0
-0.358043
-0.716087
-0.716087
-1.07413
-0.716087
-0.358043
1
0.641957
0
-1.07413
-0.716087
0
0
-0.716087
-1.43217
-0.358043
0
-0.358043
0
0.283913
-0.716087
-0.358043
-0.716087
-0.358043
-0.358043
-0.358043
-0.716087
0
-0.716087
0
0
1.64196
0.641957
-0.716087
-0.358043
-0.358043
0
0.641957
0
-0.716087
-0.716087
-0.358043
0
-1.07413
0
1
-0.358043
-0.358043
-0.716087
-0.716087
1
-0.716087
0
0
-1.43217
-0.358043
-0.358043
0
0
0
-1.07413
0
-1.07413
0
-0.716087
1
-0.358043
-0.358043
0
1
0
-0.358043
-0.358043
-0.716087
-0.716087
0
1
-0.358043
-0.358043
0
-0.716087
0
-0.358043
0
0
0
0
-0.358043
0.641957
-0.0741301
-0.716087
0.641957
0
-0.716087
0
-0.716087
-0.716087
-0.358043
0
1
-0.358043
0.641957
-0.358043
0
-0.358043
0.641957
0
-0.358043
0
0
0
0
0.641957
-0.358043
0
0
-0.358043
0.641957
-0.358043
0
-0.358043
-0.716087
-0.358043
0.641957
0
-0.358043
-0.716087
0.641957
-0.358043
-0.358043
0
-0.358043
0
0
-0.358043
0
0
0
1
-0.358043
-0.358043
-0.716087
0
-0.358043
0
0
0
0
0
0
0
-1.07413
-0.716087
-0.358043
0
-0.358043
-1.07413
-0.358043
-0.358043
-0.358043
1
-0.358043
1
-1.43217
0
-0.358043
0
0
0
-0.716087
0
0
-0.358043
0
0
-0.358043
-0.716087
-0.358043
-0.358043
-0.358043
-0.358043
-0.716087
-0.358043
0
-0.358043
-0.358043
-0.358043
1
0
1.64196
-0.358043
-1.07413
-0.358043
0
0
0
1
-0.0741301
1
1
-1.07413
1
-0.358043
1
-0.358043
0
0
0
-0.716087
-0.358043
0
0
0
0
1
0
0
0
0.641957
0.641957
-0.716087
-0.358043
-0.716087
-0.358043
-0.358043
0
-0.716087
0.641957
-0.358043
0
0
-0.358043
0
0
0
-0.358043
-0.358043
-0.358043
1
0
0.641957
0
-1.07413
-0.716087
0
-0.716087
-0.716087
-0.358043
-0.358043
0
-0.716087
0
-0.358043
0
0
0
-0.716087
-0.358043
0.641957
0
0
0
0
0
-0.358043
0
-0.358043
0
0
-0.358043
0
1
-0.358043
-0.358043
0
0
-0.358043
0
0
-0.358043
-0.358043
1
-0.716087
0
0
0
-0.358043
0
-0.716087
0
-0.358043
0
0
0
1
0
-0.358043
0
-0.716087
0
-0.358043
-0.358043
0
1
-0.358043
-0.358043
0
0
-0.716087
-0.358043
0
0
0
-0.0741301
-0.358043
0
-0.358043
0
-0.716087
0
0
-0.358043
0
-0.358043
-0.716087
-0.358043
-0.358043
0
0
2
0
0.641957
0
-0.358043
-0.358043
-0.358043
0
-0.358043
0
-0.716087
1
-0.358043
0
-0.358043
0.283913
-0.358043
0
0
0
-0.716087
0
0
-0.716087
0
0
0
-0.358043
0
-1.07413
0
0
1
0.283913
-0.358043
3
0
0.641957
-0.358043
0
-1.07413
0.641957
-0.358043
-0.358043
0
0
-0.358043
0
-0.716087
-0.716087
-0.358043
-0.716087
1
0
-0.358043
-0.358043
-0.358043
0
0
-0.358043
-0.358043
-0.358043
-0.358043
-0.716087
-0.358043
0
0
-0.358043
1
1
-0.358043
-0.358043
-0.358043
-0.358043
-0.0741301
-0.358043
0.641957
-0.358043
0
-0.358043
0.641957
0
0
-0.358043
1
-0.358043
0
-0.358043
0
1
1
-1.07413
-0.358043
0
-0.358043
-0.358043
0.641957
0
-0.358043
0
0
-1.07413
-0.716087
-0.358043
-0.716087
-0.716087
0
0.641957
0.283913
0
0
0
0
0
0
0
0
0
0
0
-0.716087
-0.358043
0
-0.716087
-0.716087
0
0
0
-0.358043
-1.07413
0
0
0
0
0
-0.358043
0
0
0
0.283913
0
0
0
0
0
-0.358043
-0.358043
-0.358043
0
-0.358043
0
0
-0.716087
-0.358043
0
-0.358043
-0.0741301
0
-0.358043
1
0
-0.358043
0
0
0
-0.358043
-0.358043
0
0
-0.358043
-0.358043
1
-0.716087
-0.358043
-0.358043
-0.358043
0
-0.716087
0
1
-0.716087
0
0
1
-0.358043
0
-0.358043
0
0
0
0
-0.358043
-0.716087
0
0
0
0
-0.358043
0
0
0
1
0
0
0
0
-0.716087
0
0
1
-0.358043
0
0
-0.716087
-0.716087
0
-0.358043
0
0
-0.358043
-0.716087
0
0
0.641957
0
-0.358043
0
-0.716087
0
-0.358043
0
-0.716087
1
-0.358043
0
0
-0.716087
0
-0.358043
-0.358043
-0.358043
0.641957
1
-0.358043
-0.716087
-0.716087
-0.716087
0
0
1
0.641957
-0.358043
-0.358043
0
0
-0.358043
-1.07413
0
0.641957
-0.358043
0
-0.358043
-0.358043
-0.358043
-0.358043
0
0
0
1
0
0
0
0
0.641957
-0.358043
0
0
-0.358043
0
0
-0.716087
0
-0.358043
0
-0.358043
0
1
-0.716087
0.641957
-0.716087
0
-0.358043
0
0
0
-0.358043
0
-0.358043
0.641957
-0.716087
0
0
0
0.641957
0
1
0
1
-0.358043
0.641957
0
0
0
-0.358043
0
0.283913
-0.358043
-0.358043
0
0
-0.358043
0
0
0
-1.07413
0
1
0
0
-0.358043
0
0
-0.358043
0
0
0
0
2
0
0
-0.358043
0
-0.358043
-0.716087
-0.716087
0
0
-0.716087
-0.358043
-0.358043
0
0
1
-0.358043
-0.358043
0
0
0
0
-0.716087
-0.358043
0
-0.358043
0
0
-0.358043
0
0
-0.358043
0
0
-1.07413
-0.358043
0
0
0
0.641957
0
0
0
1
-0.716087
0
0
1
0
0
0
1
-0.358043
0
0
-0.358043
0
0
-0.358043
0
-0.358043
-0.358043
-0.716087
0
-0.358043
0
-0.358043
0
-0.358043
-0.358043
1
0
0.641957
0
0
0
-0.358043
0
1
0
0
-0.358043
0
0
0.641957
0
0
0
-0.358043
0.641957
-0.358043
1
0
-0.358043
0
0
0
0
0
-0.358043
-0.716087
0
0
-0.358043
-0.716087
-0.358043
-0.358043
-0.358043
0
-0.358043
-0.358043
-0.358043
0
-0.358043
0
-0.358043
1
-0.716087
-0.358043
1
0
-0.358043
0
0
1.64196
0
-0.358043
0
-0.358043
1
0
-0.358043
-0.358043
-0.358043
0
0
-0.358043
0
0
-0.358043
0
-0.716087
-0.358043
0
0
-0.358043
0
0
1
0
-0.358043
-0.358043
0
-0.716087
-0.358043
0
0.641957
0
0
0
0
-0.358043
0
-0.358043
1
0
-0.358043
0
0
0
-0.358043
0
-0.716087
0
0
0
-0.358043
-0.358043
0
0
0
1
0
0
-0.358043
-0.716087
0
-0.358043
1
1
0
-0.358043
-0.716087
0
0
1
0.641957
0
0
0.641957
0.641957
1
0
0
0
0
0
0.283913
1
0.283913
0
-0.716087
0
0
0
-0.358043
0
-0.358043
1
0
-0.716087
-0.358043
0
0
-0.716087
-0.358043
0
0
0
0
-0.358043
0
0
0
0
0
0
-0.358043
-0.358043
0
-0.358043
-0.358043
0
-0.716087
0
-0.716087
0
0
0
-0.358043
0
-1.07413
-0.358043
0
0
0
0
0
-0.358043
0
0
0.641957
0
0
0
-0.358043
1
0
-0.358043
0
-0.358043
-0.716087
-0.358043
-0.358043
-0.358043
1
-0.358043
0
0
1
-0.358043
-0.358043
0
0
-0.358043
0
0
-0.358043
1
0
0
0
-0.716087
-0.358043
0
0
-0.358043
0
0
0
-0.358043
-0.358043
-0.358043
0
0
0
0
0
0.283913
-0.358043
-0.358043
-0.358043
0
0
-1.07413
-0.358043
-0.358043
-0.358043
2
-0.358043
0
1
0
0
0
0
-0.358043
-0.358043
-0.358043
1
-0.358043
-0.716087
0
-0.358043
-0.358043
0
-0.358043
0
1
0
0
0
0
0.641957
-0.358043
-0.358043
-0.358043
0
0
0
-0.358043
2
0
-0.358043
-0.358043
0
-0.358043
0
0
0
0
0
-0.716087
0.641957
0
0
0
0
0
0
1
0
-0.358043
0
-0.358043
0
-0.358043
0
0
-0.716087
2
-0.716087
0
1
0
1
-0.358043
0
0
-0.358043
0
-0.716087
0
0
0
-0.358043
0
0
-0.358043
0
0
0
-0.358043
0
0
-0.716087
0
-0.358043
-0.358043
-1.07413
-0.358043
0
-1.07413
0
-1.07413
-0.716087
0
-0.716087
-0.358043
-0.716087
0
-0.716087
-0.358043
0
0
0
-0.358043
-0.358043
0
0
0
0
1
-0.358043
-0.358043
-0.358043
1
1
0
-1.43217
0
0
0
1
-0.716087
-0.358043
-0.358043
0
0
0
1
0
0
-0.716087
-0.358043
0
1
-0.358043
-0.716087
0
0
-0.358043
-0.358043
-0.716087
0
0
0
0
0
0
0
0
-0.358043
0
0
-0.358043
-0.358043
-0.358043
-0.358043
0
-0.358043
-0.358043
0
0
0
0
-0.358043
0
0
0
0
0.641957
0
0
0
0
-1.07413
-0.716087
-0.358043
-0.358043
-0.358043
0
-0.358043
-0.358043
-0.358043
-0.716087
-0.358043
0
-0.358043
0
0
0
0
-0.358043
0
0
0
0.641957
0
-0.358043
2
0
-0.358043
1
0.283913
0
1
-0.716087
0
0
0
-0.358043
0
-0.358043
0
0
-0.358043
-0.358043
0.641957
1
0
-0.358043
0.641957
0
-0.358043
-1.07413
0
0
0
-0.358043
1
0
0
0
0
-0.358043
0
0
-0.716087
0
0
1
-0.358043
0
0
-0.358043
0
0
0
0
0
-0.358043
-0.716087
0
0
0
0
0
-0.358043
-0.716087
0
0
0
0
0.641957
1
1
0
0
-0.716087
1
0.283913
0
0
0
0
0
-0.358043
0
0
0
-0.358043
-0.716087
0
0
0
0
0
0
1
1
-0.358043
-0.358043
0
1
0
-0.358043
0
-0.716087
-0.358043
0
0
0
0
0
0.641957
0
-0.358043
0
-0.358043
0
-0.358043
0
1
0.283913
1
-0.358043
0
-0.358043
0
0
-0.716087
-0.358043
0
-0.358043
0
0
1
-0.358043
-0.358043
0
-0.358043
0
-0.358043
0
-0.358043
-0.358043
0
0
0
-0.358043
-0.358043
-0.358043
-0.358043
-0.716087
0
-0.716087
1
0
-0.716087
-0.358043
-0.358043
0
0
0
0.641957
0
1
0
-0.358043
0
-0.358043
0
-0.358043
-0.358043
0
-0.358043
0
0
0
0.641957
-0.358043
-1.43217
0
1
-0.358043
0
0
-0.358043
0
-0.358043
0
0
0
0
-0.716087
0
0
-0.358043
0
0
0
0
0
0
-0.358043
0
0
0.641957
1
-0.358043
-0.716087
0
0
-0.358043
1
1
-0.358043
0.641957
-0.358043
0
0
0
-0.358043
0
0
-0.358043
0
0
0
0
-0.358043
0
0
0
1
-0.358043
-0.358043
0
0
0
0
0
0
0
-0.716087
0
0
-0.358043
0
-0.358043
-0.358043
0
0
0
-0.358043
0
-0.716087
-0.358043
0
0
0
-0.358043
-0.358043
-0.358043
-0.358043
0
0.641957
0
-0.358043
1.64196
-0.358043
-0.358043
0
0
0
0
1
1
0
0
0
0
-0.716087
0
0
0
1
-1.07413
0
0
0
0
0
2
0
0
1
0
0
-0.716087
0.641957
0
1
0
1
0
1
-0.358043
-0.716087
0
-0.716087
0
-0.358043
-0.358043
-0.358043
-0.358043
0
-0.358043
0
0
0.283913
0
-0.716087
0
-0.358043
1.64196
-0.716087
0
-0.716087
0
-0.358043
0
0
0
0
0
0
1
0.641957
0
-0.358043
0
1
0
1
-0.358043
0
0
-0.358043
-0.358043
0
0
0
0
0
0
0.641957
-0.358043
0
0
0
0
0
0
-0.716087
0
-0.716087
-0.358043
0
0
0
-0.358043
0
0
0
0
-0.716087
0.641957
0
-0.358043
1
0
0
0
0
-0.716087
1
-0.358043
-0.716087
0
0
0
-0.358043
0
0
0
0
0
0
-0.358043
-0.358043
-0.358043
0
-0.358043
0
-0.358043
-0.358043
1
-0.358043
0
0
0
0
-0.716087
-0.716087
1
-0.358043
2
0
0
0
-0.358043
0
-0.358043
-0.358043
0
0
0
1
0
0
0
-0.358043
0
0
0
-0.358043
0
0
0
0
0
1
0
-0.358043
0
0
0
-0.358043
0
0
0
0.641957
-0.358043
0
0
0
-0.358043
0
-0.358043
0
1
-0.358043
0
1
0
0
-0.358043
0
-0.358043
-0.358043
0
0
-0.358043
-0.358043
0
1
-0.358043
0
-0.358043
0
-0.358043
0.641957
0
0
-0.358043
-0.716087
0
-0.358043
0.641957
0
0
0
0
0
0
0
0
1
0
0
0
0
0
-0.358043
0
-1.07413
0
0
-0.358043
0
0
0
-0.358043
0
1
-0.716087
0
0
0.283913
-0.358043
0
0
-0.358043
0
0
0
-0.358043
0
0
0
-0.358043
0
0
-0.358043
-0.716087
0
0
-0.358043
0
0
0
-0.358043
-0.358043
1
0
0
0
-0.358043
-0.358043
-0.358043
0
-0.358043
-0.358043
0.641957
-0.358043
0
0
0
-0.358043
0
2
1
0
-0.358043
0
0
0.283913
0
0
-0.716087
0
0
0
0
0
-0.358043
-0.358043
0
0
1
0
-0.358043
0
0
0
-0.358043
-0.358043
-0.358043
0
0
-0.358043
0
0
0
-0.358043
-0.358043
0
0
-0.358043
0
-0.358043
0
0
0.641957
-0.358043
0
0
-0.358043
0
-0.358043
0
0
0
0
0
-0.358043
-0.358043
0
0
0
0
0
0
0
-0.358043
0.641957
-0.358043
0
0
0
0
0
0
-0.358043
0
0
0
0
0
0
0
-0.358043
0
0
-0.358043
0
0
0
0
0
-0.716087
0
0
0
2
0
-0.358043
-0.358043
0
0
0
-0.358043
0
0
-0.358043
0
0
0
0
0
-0.358043
0
0
0
-0.358043
0
0
0
0
0
0
0
-0.358043
-0.358043
0
-0.716087
0
0
0
1
0
0
-0.358043
0
-0.358043
1
0
0
0
-0.358043
0
1
-0.358043
0
0
0
-0.358043
0
0
0
0
0.641957
0
0
0
0
1
-0.716087
0
0
0
0
0
1
-0.358043
0
0
0
0
1
0
0
-0.358043
-0.358043
0
-0.358043
0
-0.358043
0
0
0
1
0
-0.358043
-0.716087
0
-0.358043
-0.358043
-0.716087
0
0
-0.358043
-0.358043
0
0
-0.716087
0
0
0
-0.432173
0
0
0
0
0
0
0
-0.358043
-0.716087
0
0
0
0
0
0
0
0
0
0
0
1
0
0
0
1
0
0
-0.716087
0
0
0
0
0
0
0
0
0
-0.358043
0
0
0
0
0
0
-0.358043
-0.716087
-0.358043
0
0
-0.358043
1
0.641957
0
0
-0.358043
0
0
0
0
0
-0.358043
-0.358043
0
0
0
0
0
-0.358043
0
0
0
0
0
-0.358043
0
-0.358043
0
0
0
0
0
-0.716087
0
0
0
1
0
-0.716087
-0.358043
0
0
-0.716087
0
0
0
0
0
0
0
-0.358043
0
0
0
0
1
0
1
0
0
0
-0.358043
-0.358043
0
0
0
-0.358043
0
0
0
0
-0.358043
0
0
-0.358043
0
1.64196
1
0
0
0
0
-0.358043
0
1
0
0
0
-0.716087
0
0
-0.358043
0
0
0
0
0
0
1
0
0
0
-0.358043
0
0
0
0
-0.716087
1
0.641957
-0.358043
0
0
0
0
0
0
1
1
0
0
0
0
1
-0.358043
0
0
-0.358043
0
-0.358043
0
0
-0.358043
0
1
0
0
0
0
-0.358043
-0.716087
0
1
0
0
0
-0.358043
0
0
-0.358043
0
0
0
0
1
0
0
0
0
0
0
0
-0.358043
0
0
0
0
0
-0.716087
1
1
0
2
0
0
0
0
-0.716087
0
-0.716087
0
-0.358043
0
0
-0.358043
1
0
0
0
-0.358043
-0.358043
-0.358043
0
0
0
0
-0.358043
0
-0.358043
-0.358043
0
0
0
0
0
-0.716087
-0.358043
1
0
0
-0.358043
1
-0.358043
0
0
0
0
0
0
0
-0.358043
-0.358043
1
0
0
0
0
-0.358043
-0.358043
0
-0.358043
0
0
0
1
0
1
0
1
0
-0.358043
0
1
0
0
0
0
0
0
-0.358043
1
0
0
0.641957
-0.358043
-0.358043
0
0
-0.716087
0
-0.716087
-0.358043
0
-0.358043
0
0
0
1
-0.358043
-0.358043
-0.358043
0
0
0
0
0
-0.716087
-0.716087
1
0
-0.358043
0
-0.358043
1
0
0
0
0
0.283913
0
0
0
0
-0.716087
0
0
0
0
1
0
0
-0.358043
-0.358043
-0.358043
-0.358043
0
0
-0.358043
-0.716087
0
0
0
-0.358043
0
-0.358043
1.64196
1
0
0
0
-0.716087
0
0
0
0
0
0
0
0
0
0
0
0
0
-0.358043
0
-0.716087
0
-0.358043
-0.358043
0
0
0
0
0
0
-0.358043
0
0
1
0
0
0
-0.358043
0
0
0
-0.358043
0
0
0
0
0
0
1
0
0
0
0
0
-0.358043
0
0
0
0
-0.358043
-0.716087
-0.358043
0
0
-0.358043
0
-0.358043
-0.358043
-0.358043
-0.358043
0
-0.358043
0
-0.358043
-0.358043
1
-0.358043
1
0
-0.716087
0
0
0
-0.358043
1
0
0
0
-0.358043
1.64196
-0.358043
-0.358043
0
0
0
-0.358043
0
0
0
0
0
0
-0.358043
0
0
-0.716087
0
0
0
0
0
0
-0.358043
-0.358043
-0.358043
0
0
0
0
1
0
0
0
0
0
0
0
0
0
0
-0.358043
0
0.283913
0
-0.358043
0
0
0
0
0
-0.358043
0
-0.358043
0
0
0
-0.358043
-0.358043
0
0
0
0
0
-0.358043
0
0
0
0
0
0
-0.716087
0
0
0
-0.358043
0
0
0
0
1
0
-1.07413
0
0
0
0
-0.358043
0
0
0
0
0
0
1
0
0
0
0
0
0
-1.43217
0
0
0
-0.358043
0
0
0
0
0
-0.358043
0
0
-0.358043
0
0
-0.358043
-0.358043
-0.358043
0
0
-0.358043
0.641957
-0.358043
0
1
-0.716087
-0.358043
0
0
1
0
0
-0.358043
-0.358043
0
0
0
0
-0.716087
0
1
0
-0.716087
0
-0.358043
0
0
0
0
0
0
0
0
1
0
0
0
0
0
-0.358043
1
0
1
0
0
0
-0.716087
0
0
-0.358043
0
0
0
0
0
0
0
0
-0.358043
0
0
0
-0.716087
0
0
0
0
0
0
0
0
-0.358043
-0.358043
2
0
0
0
0
0
0
0
0
0
0
0
0
0
0
0
-0.358043
-0.358043
0
0
0
0
0
0
0
0
0
0
0
0
0
0
1
0
0
0
0
0
-0.358043
0
0
0
-0.358043
0
0
0.641957
-0.358043
0
0
0
-0.358043
0
0
0
1
0
0
-0.358043
0
0
0
1
-0.358043
0.641957
0
0
0
-0.358043
0
0
0
0
0
0
0
0
0
0
0
1
0
0
0
0
-0.358043
0
0
0
-0.358043
0
0
0
0
0
0
0
0
-0.358043
0
0
-0.358043
0
-0.716087
0
0
0
0
0
0
0
0
0
0
0
0
0
0
0
-0.358043
0
1
0
0
-0.358043
0
0
0
0
1
0
0
0
0
0
0
-0.716087
1
0
0
0
0
-0.358043
-0.358043
0
0
1
0
0
-0.358043
0
0
0
-0.358043
0
-0.358043
0
0
0
0
0
0
0
0
0
0
0
0
0
0
0
0
0
0
0
0
0
1
0
-0.358043
0
0
0
0
0
0
0
0
0
-0.358043
0.641957
0
0
0
-0.358043
0
0
-0.358043
-0.358043
0
-0.358043
0
0
0.641957
0
-0.716087
-0.358043
0
0
0
-0.358043
0
1
0
0
0
1
0
0
0
0
-0.716087
0
0
0
-0.358043
0
0
0
0
-0.358043
0
1
0
0
0
0
0
0
0
0
0
0
0
0
0
0
0
0
0
0
0
1
0
0
0
0
0
0
1
0
0
0
-0.358043
1
0
-0.358043
0
0
-0.358043
0
0
0
0
0
1
0
0
0
0
0
0
0
0
0
1
1
0
0
-0.358043
-0.358043
-0.358043
0
0
0
0
0
0
0
1
-1.07413
0
0
0
0
0
0
0.283913
0
-0.716087
0
0
0
0
-0.358043
0
0
0
-0.358043
0
0
-0.358043
-0.358043
0
0
0
0
1
0
0
1
0
-0.358043
0
0
1
1
0
0
-0.358043
0.641957
0
0
0
0
0
0
0
0
1
0
0
0
0
-0.358043
-0.358043
-0.716087
0
-0.358043
0
-0.716087
-0.358043
0
-0.358043
0
0
0
0
0
-0.358043
-0.358043
0
0
-0.358043
1
0
-0.358043
0
0
-0.358043
1
0
0
-0.358043
0.641957
0
0
0
0
0
0
0
0
0
0
0
0
1
1
1
0
0
0
0
1
0
0
0
-0.716087
-0.358043
0
0
0
-0.358043
-0.358043
0
-0.716087
-0.358043
0
1
0
0
0
1
0
0
0
-0.358043
0
-0.716087
-0.358043
0
0
-0.358043
-0.358043
-0.716087
-1.07413
0
0
0
0
-0.358043
0
0
0
0
0
0.641957
0
0
0
0
0
1
0
0
-0.358043
0
0
0
0
-0.358043
-0.358043
0
0
0
-0.358043
-1.07413
0
-0.358043
-0.716087
0
-0.358043
-0.358043
-0.716087
0
0
0
2
0
0
-0.358043
0
0
-0.358043
0.641957
0
0
-0.358043
0
0
1
-0.716087
0
0
1
0
0
-0.358043
-1.07413
-0.358043
-0.358043
-0.358043
0
0
0
-0.358043
-0.358043
-0.716087
-0.358043
0
0
-0.358043
0
1
-0.358043
-0.716087
0
0
-0.716087
-0.358043
0
-0.358043
-0.716087
-0.358043
-0.358043
0
0
-0.716087
0
-0.358043
-1.07413
0
0
1
-0.358043
0
0.641957
-0.358043
0
0
-0.358043
0
-0.358043
0
0
-0.358043
0
0
-0.358043
-0.358043
1
-0.358043
0.283913
-0.358043
-0.358043
0
0
-0.358043
0
0.283913
-0.358043
0.283913
1.64196
-0.358043
0
1
-0.358043
0
0
0
0
0
-0.358043
0
-0.716087
1
-0.358043
-0.358043
-0.358043
0
0
0
0
-0.358043
-0.358043
0
-0.358043
0
0
0
-1.43217
0
0
-0.358043
-0.358043
-0.716087
1
-0.716087
-0.358043
0
0
0
0
0
0
-0.358043
-0.358043
0
-0.358043
0
0
0
-0.358043
-0.716087
-0.358043
-0.358043
0
0
-0.358043
0
-0.716087
0
-0.358043
0.641957
-0.358043
0
-0.358043
-0.358043
0.641957
1
1
0
-0.358043
0
-1.43217
0
-0.358043
1
1
0
-0.358043
-0.358043
-0.358043
0
0
0
0
0
-0.358043
0
-0.716087
-0.716087
-0.358043
0
-0.358043
0
0
0
0
0
-0.716087
0.283913
0
-0.716087
0
0
0
0
0
0
0
0
-0.716087
0
0
1
0
0
0
0
-0.358043
0
0
0
-0.716087
0
-0.358043
0
0
0
-0.358043
-0.358043
-0.358043
0
0
0
0
0
-0.358043
0
0
0
0
-0.358043
0
0
0
0
0
0
-0.358043
-0.358043
0
0
0
0
0
0
0
0
0
0
0
0
0
0
0
-0.358043
1
0
0
0
0
0
0
0
0
0
0
0
0
0
0
0
0
0
0
0
0
0
0
-0.358043
0
0
0
0
-0.358043
-0.358043
0
0
0
0
0
0
0
-0.358043
-0.358043
0
-0.358043
0
0
0
0
0
0
0
0
0
0
0
0
0
0
0
-0.358043
-0.358043
0
-0.358043
0
0
0
0
0
-0.358043
0
0
0
0
-0.358043
0
-0.358043
0
0
0
0
0
0
0
0
0
0
0
0
0
0
0
0
0
0
0.641957
0
0
0
0
0
0
0
1
0
0
0
0
0
0
0
0
0
-0.358043
0
-0.358043
0
0
0
0
-0.358043
0
-0.358043
0
0
0
0
0
0
0
0
0
-0.358043
0
0
0
0
0
0
0
0
0
0
0
0
0
1
0
0
0
0
0
0
0
0
-0.358043
0
0
0
0
0
0
0
-0.716087
0
1
0
0
0
0
0
0
0
-0.358043
0
0
0
0
-0.358043
0
0
0
0
0
0
0
1
0
1
0
0
0
-0.716087
0
0
0
0
0
0
-0.358043
0
0
-0.358043
-0.358043
0
1
0
0
0
0
0
0
0
0
0
0
0
0
0
0
0
0
0
0
0
0
0
0
0
0
0
0
0
-0.358043
0
0
0
0
0
0
0
0
0
0
0
0
0
0
0
-0.358043
0
0
0
0
0
0
1
0
0
0
0
-0.358043
0
0
0
0
0
0
0
0
-0.358043
0
0
0
-0.358043
0
0
-0.358043
-0.358043
-0.358043
0
-0.358043
0
0
0
0
0
0
0
0
0
0
0
0
0
0
0
0
0
0
0
0
0
0
0
0
0
0
0
1
0
0
-0.358043
0
0
0
0
0
0
0
0
-0.358043
0
0
0
0
0
0
0
0
0
0
-0.716087
0
0
0
0
0
0
0
-0.358043
0
0
0
0
0
0
0
0
0
0
0
0
0
0
0
0
-0.358043
0
0
0
0
0
0
0
0
0
0
0
0
0
0
0
0
0
0
0
0
0
0
0
0
0
0
0
0
0
0
0
0
-0.358043
0
0
0
0
0
0
0
0
0
0
0
0
0
0
-0.358043
0
0
-0.358043
0
0
0
0
0
0
0
0
0
0
0
0
0
0
0
0
0
0
0
0
0
1
0
0
-0.358043
0
0
0
0
0
0
0
0
-0.358043
0
0
0
0
-0.358043
-0.358043
-0.358043
0
0
0
0
0
0
0
0
0
0
0
0
0
0
0
0
0
-0.358043
0
0
0
0
-0.358043
0
0
0
0
0
0
0
0
-0.358043
0
0
0
0
0
0
0
1
0
-0.358043
0
0
0
0
0
-0.358043
0
0
0
0
-0.358043
0
0
0
0
0
0
0
0
0
0
0
0
0
0
0
0
0
0
0
0
0
0
0
1
0
0
-0.358043
0
0
0
0
0
0
0
0
0
0
0
0
0
0
0
0
0
-0.716087
0
0
0
0
1
0
0
0
-0.716087
0
0
0
-0.358043
0
0
0
0
0
-0.358043
0
0
0
-0.358043
0
-0.358043
0
0
0
0
0
0
0
0
-0.358043
0
1
0
0
0
-0.358043
0
0
0
0
0
0
0
0
0
0
0
0
0
0
0
0
0
0
0
0
0
0
0
0
0
0
0
0
0
0
1
0
0
-0.358043
0
0
0
0
0
0
0
0
0
0
0
1
1
0
0
0
0
0
0
-0.358043
0
0
0
0
0
0
-0.358043
-0.358043
0
0
-0.716087
0
0
0
0
-0.358043
0
0
1
0
1
0
0
-0.358043
0
0
0
0
0
0
0
-0.358043
0
1
0
0
0
0
0
0
0
0
0
-0.358043
0
0
0
0
0
0
0
0
0
0
-0.358043
0
0
0
0.641957
0
0
0
0
0
0
0
0
0
1
-0.716087
0
0
0
0
0
0
0
1
0
1
-0.358043
-0.358043
0
1
0
0
1
0
0
0
0
0
0
1
0
0
-0.358043
1
0.641957
0
1
-0.358043
0
-0.358043
0
0
-0.358043
0
1
0
0.641957
0
1.64196
0
0
0
0
-0.716087
-0.358043
0
1
-0.358043
0
-0.358043
1.28391
0
0
1
0
0
0
-0.358043
-0.358043
0
0
0
0
0
0
0
-0.358043
0
3
-0.716087
0
0
-0.358043
0
-0.358043
-0.358043
0
0
0
0
0
0.641957
-0.358043
0
0
0
0
-0.358043
0.283913
0
0
-0.358043
0.641957
0
-0.716087
0
-0.716087
1
0
-0.716087
-0.358043
-0.358043
-0.716087
0
1
0
0
-0.358043
1
0
0
-0.358043
0
0
0
-0.358043
-1.07413
0
0
0
0
-0.358043
0
-0.358043
0
0
-0.358043
0
-0.716087
0
0
0
1
-0.358043
1
0
0
-0.358043
0.641957
0
-0.716087
1
-0.358043
-0.358043
-0.358043
-0.716087
-0.358043
0
0
0
0
0
-0.358043
0
-0.358043
0
0
0
0
0
0
