0
0
0
0
0
0
0
0
3.33991
0.875875
4.88892
2.42489
0.254933
3.42489
-0.856143
-2.30713
-0.209103
-3.03915
2.33991
-0.94112
2.07193
-2.49013
-2.30713
3.07193
2.33991
0.790897
-2.84309
-4.85614
-2.47708
0.790897
-0.490134
-0.29408
2.24188
3.43794
1.05888
4.05888
-1.66009
0.973902
2.70592
4.88892
-1.03915
1.70592
0.70592
-0.843094
3.7909
-1.39211
1.52292
-0.111076
1.87587
-1.22215
1.87587
-0.477085
-0.392107
1.24188
-0.477085
-2.94112
-2.0261
-1.57511
3.24188
-0.209103
1.9739
-1.75812
-0.209103
-0.758116
3.70592
-0.575111
1.24188
-2.12413
-1.57511
0.973902
0.607893
-0.477085
3.60789
1.33991
1.88892
0.339911
-0.928071
0.607893
1.05888
1.32686
3.15691
-1.29408
0.424889
-1.2091
1.9739
0.522915
-4.30713
-2.49013
0.424889
2.43794
2.62094
-3.2091
1.16996
4.43794
-1.29408
-0.843094
1.43794
3.16996
-0.660089
0.522915
-1.47708
-3.2091
0.620942
-1.57511
-0.209103
-1.57511
-1.0261
-2.39211
1.16996
-2.29408
-3.30713
-6.22215
2.25493
-0.29408
0.888924
-1.66009
0.339911
3.42489
1.9739
-0.392107
1.70592
-0.745067
-0.745067
0.0719287
1.43794
-0.0260983
-2.12413
1.62094
1.9739
-0.209103
3.33991
-0.745067
-0.0391469
-1.30713
0.424889
-0.660089
3.9739
-0.0260983
5.9739
-0.660089
2.15691
2.7909
-2.12413
1.43794
-0.29408
2.70592
-1.57511
0.254933
-2.12413
0.70592
1.7909
-0.209103
-4.0261
-0.111076
0.790897
-0.745067
-1.0261
3.80395
-3.0261
-3.39211
-1.11108
2.15691
-1.39211
-1.94112
-0.562063
-0.29408
-0.477085
6.87587
-1.49013
-0.196054
4.9739
2.33991
1.42489
1.15691
0.888924
3.60789
0.607893
1.9739
4.52292
-2.2091
-2.0261
0.790897
-0.392107
0.339911
0.620942
0.522915
0.0719287
-1.66009
3.43794
-1.47708
1.9739
-1.2091
3.07193
1.80395
0.0719287
-2.75812
1.07193
-3.0261
2.33991
2.42489
0.509866
-1.2091
-1.74507
6.60789
-3.2091
-0.575111
1.07193
-1.11108
-0.660089
1.07193
5.53596
-1.84309
3.43794
-1.30713
0.156906
-3.30713
0.607893
-0.843094
0.692871
-0.111076
-0.209103
-2.66009
-1.2091
-0.477085
0.522915
0.522915
1.33991
3.62094
0.607893
-0.209103
0.241884
0.437937
2.70592
-1.30713
3.07193
2.07193
-3.0261
-3.30713
0.0719287
2.52292
-1.74507
-0.111076
0.607893
-3.11108
1.88892
-0.660089
3.05888
-3.2091
-1.39211
0.424889
2.15691
-1.01305
1.7909
-2.0261
3.52292
-0.477085
2.9739
-0.490134
1.70592
2.60789
-1.75812
0.0719287
-0.843094
-1.29408
1.25493
6.25493
3.42489
1.15691
0.156906
2.70592
1.69287
1.15691
1.07193
0.339911
5.25493
1.9739
-1.92807
3.98695
2.52292
-0.392107
0.607893
-0.209103
-0.928071
1.52292
1.42489
2.62094
2.70592
-2.84309
3.25493
-1.2091
0.0719287
2.80395
0.437937
0.888924
0.790897
4.43794
-2.66009
-0.843094
-1.0261
4.9739
0.620942
2.33991
1.43794
-1.12413
2.88892
2.16996
2.52292
-1.11108
1.42489
-0.111076
2.25493
4.43794
2.25493
-1.01305
-1.47708
-1.66009
1.98695
2.07193
-1.0261
0.522915
-0.0130491
-1.94112
1.62094
1.9739
2.88892
3.62094
-0.758116
4.52292
-0.379058
0.535964
-1.2091
-2.47708
0.607893
0.0719287
-1.66009
0.254933
2.53596
1.43794
4.98695
1.33991
3.43794
0.0719287
2.98695
-0.928071
-1.56206
3.43794
-0.660089
-0.477085
-1.47708
2.70592
-0.745067
4.25493
-0.928071
-1.66009
-2.30713
1.7909
2.07193
5.70592
1.7909
2.25493
-2.39211
1.33991
-1.66009
4.70592
-0.0130491
0.339911
-1.29408
-2.29408
-0.94112
2.52292
1.62094
0.156906
-0.0130491
-0.758116
1.88892
1.33991
-1.0261
-1.39211
2.25493
0.522915
0.169955
5.62094
1.07193
-1.0261
1.98695
2.43794
4.07193
0.437937
-1.74507
-2.0261
1.25493
-1.2091
0.35296
0.607893
-0.575111
-0.0260983
0.70592
0.0719287
1.25493
-0.843094
2.70592
-0.0130491
1.43794
-1.39211
0.437937
0.790897
-0.0130491
3.33991
1.62094
1.16996
0.607893
5.25493
0.156906
-2.75812
5.35296
0.70592
0.437937
-1.66009
0.437937
2.25493
0.803946
4.62094
1.43794
2.15691
1.16996
3.62094
-0.0260983
-0.477085
-2.47708
-0.477085
1.88892
-2.56206
-1.19605
-2.84309
1.35296
-2.01305
-2.66009
3.88892
0.437937
1.88892
-1.92807
2.9739
-2.84309
-2.11108
0.0588799
-1.92807
2.16996
1.80395
1.88892
1.80395
1.98695
2.43794
-1.01305
0.0719287
1.53596
-0.196054
3.62094
4.52292
3.25493
0.156906
-1.92807
2.88892
-2.11108
0.339911
5.33991
-1.11108
0.35296
1.43794
-1.11108
-1.19605
-0.843094
0.888924
1.15691
3.25493
2.62094
-0.477085
2.98695
-0.745067
0.437937
0.437937
0.620942
-2.29408
0.70592
-1.39211
-1.11108
0.156906
0.522915
-0.0260983
6.43794
0.803946
3.80395
1.07193
2.98695
-3.2091
-1.29408
-0.379058
-3.75812
4.43794
-1.74507
-1.47708
4.33991
-0.29408
-0.111076
-1.84309
-0.29408
0.803946
-1.29408
-1.37906
-1.47708
2.70592
-2.29408
0.522915
0.0719287
3.35296
-2.29408
1.42489
2.07193
-0.928071
3.07193
-0.477085
-1.66009
-1.37906
-1.84309
0.169955
0.620942
0.339911
-0.0130491
-0.0260983
-3.39211
0.790897
-1.56206
-0.562063
-2.2091
8.53596
-0.843094
0.803946
2.07193
0.620942
2.33991
1.98695
-0.196054
-2.0261
0.0719287
-0.379058
6.07193
1.25493
0.70592
1.7909
0.620942
-0.29408
2.07193
1.90197
-2.84309
1.80395
-2.57511
4.52292
2.07193
0.888924
2.16996
-1.92807
1.16996
-2.84309
1.33991
-0.111076
0.0719287
0.0719287
2.62094
-0.0260983
2.52292
0.620942
1.88892
2.25493
-1.29408
4.16996
2.07193
-0.196054
2.07193
0.254933
-0.745067
2.07193
-0.379058
3.80395
1.98695
3.88892
-0.745067
0.35296
1.07193
0.70592
0.254933
-1.2091
-0.660089
1.07193
1.25493
1.62094
-1.56206
-1.11108
-0.29408
0.70592
1.62094
-0.379058
-1.29408
3.62094
1.80395
-1.29408
0.620942
-0.745067
3.25493
1.53596
1.35296
1.25493
-1.01305
-1.46404
2.43794
2.53596
-2.11108
-2.66009
-1.19605
-1.29408
1.25493
-2.19605
-1.83004
-1.74507
0.254933
0.0719287
0.620942
0.0719287
2.88892
0.35296
2.43794
0.803946
3.35296
-1.92807
1.53596
-2.56206
-0.745067
3.70592
-1.74507
-1.64704
1.88892
-1.11108
-0.745067
0.535964
1.07193
-1.74507
-1.56206
2.80395
3.53596
-1.19605
0.169955
-0.196054
-1.11108
2.62094
-2.56206
-0.281031
1.62094
1.98695
0.803946
0.986951
0.0719287
2.35296
-3.47708
-0.745067
1.71897
2.16996
1.16996
-2.92807
-2.37906
0.620942
0.986951
-0.196054
1.62094
-1.37906
-1.19605
-1.11108
-1.19605
0.986951
0.888924
1.62094
0.169955
0.35296
1.35296
3.80395
-1.37906
5.53596
1.16996
-0.29408
-0.196054
-2.19605
0.169955
-1.09803
3.62094
0.718969
0.901973
-0.64704
-0.0980268
-0.29408
0.620942
0.0719287
1.80395
-0.196054
-0.379058
-1.56206
-1.46404
0.901973
-0.281031
0.35296
0.0849777
2.35296
-1.64704
-1.19605
-1.56206
-1.19605
0.803946
-1.19605
-0.477085
4.53596
-0.281031
-0.0130491
0.535964
-1.01305
-1.37906
1.25493
0.986951
-0.64704
5.71897
-2.37906
-0.281031
-0.464036
1.90197
-0.464036
0.901973
-0.464036
-1.92807
-0.0980268
4.53596
0.620942
2.80395
-1.56206
1.62094
3.90197
-2.19605
-0.745067
0.986951
-1.01305
2.80395
2.16996
5.35296
0.718969
0.35296
2.08498
-0.562063
1.26798
1.16996
2.53596
1.53596
-0.281031
1.90197
0.901973
0.901973
1.98695
-0.745067
3.35296
3.26798
-1.01305
0.986951
-0.464036
1.26798
2.16996
-1.56206
1.35296
1.35296
-0.915022
0.535964
-0.64704
2.16996
2.53596
1.90197
0.803946
-1.37906
3.53596
0.803946
-0.281031
-0.464036
-0.830045
1.16996
0.535964
0.535964
2.45099
0.169955
1.80395
-0.64704
-2.01305
0.535964
0.437937
3.71897
-0.464036
1.62094
2.71897
0.267982
2.26798
-1.74507
0.0849777
2.53596
0.718969
-0.732018
-0.64704
-1.83004
-0.464036
-0.0980268
0.986951
1.08498
-0.464036
-1.83004
0.535964
-0.0130491
0.718969
3.16996
1.35296
-1.83004
-0.281031
0.803946
-1.83004
1.35296
0.535964
1.71897
-0.464036
-2.47708
0.620942
0.35296
-0.830045
-1.19605
3.35296
-1.56206
0.901973
0.35296
2.98695
1.16996
0.535964
-1.01305
-0.64704
1.08498
-0.0980268
-0.196054
1.08498
0.986951
1.98695
0.535964
0.169955
-1.01305
0.901973
-0.464036
0.169955
0.535964
-1.46404
1.16996
1.16996
-0.379058
2.98695
-0.0980268
1.08498
-0.915022
0.267982
0.986951
0.901973
-3.11108
-0.281031
0.535964
4.16996
1.62094
0.901973
-0.64704
0.901973
-1.19605
-1.01305
-0.464036
-0.562063
-1.74507
2.71897
0.169955
-0.64704
-0.281031
0.620942
-1.74507
-1.19605
-0.0980268
1.16996
0.169955
1.16996
-0.0130491
-1.56206
1.35296
2.53596
-0.281031
-0.64704
0.986951
-0.64704
-0.732018
2.16996
-0.196054
-0.464036
1.26798
0.718969
0.35296
0.718969
0.718969
-0.732018
-0.379058
0.718969
-1.09803
-0.281031
0.620942
-1.28103
-1.01305
-0.281031
-0.64704
-0.196054
-1.28103
0.0849777
2.08498
2.71897
-1.64704
1.08498
2.08498
3.45099
4.90197
2.26798
-0.281031
1.16996
0.169955
-0.379058
-0.915022
-1.64704
2.26798
0.35296
-0.64704
-1.09803
-0.64704
-0.464036
2.26798
2.80395
-1.64704
1.45099
0.535964
0.0849777
-1.64704
-0.464036
1.16996
0.0849777
0.35296
3.08498
-0.464036
-0.64704
0.0849777
-1.19605
1.26798
-0.281031
0.535964
0.901973
-0.0130491
-0.464036
1.90197
0.901973
-1.64704
0.0849777
-0.64704
-0.0980268
-0.379058
1.08498
5.45099
-0.732018
0.633991
-0.464036
1.71897
-0.281031
-0.281031
0.535964
2.35296
0.450987
-1.09803
-0.915022
-0.464036
-0.0980268
1.53596
0.535964
-2.01305
0.35296
-0.64704
-1.09803
0.901973
1.08498
-0.745067
-1.83004
1.35296
-0.830045
1.45099
-1.46404
-0.732018
0.0849777
-1.19605
-1.46404
-1.46404
1.63399
-0.366009
4.35296
0.535964
0.0849777
1.71897
-1.19605
-0.281031
-1.28103
2.71897
-0.64704
1.45099
0.267982
-0.0980268
-0.64704
-0.549013
0.535964
0.267982
-1.46404
-2.01305
1.53596
1.90197
-0.281031
3.71897
0.0849777
1.26798
1.45099
-0.64704
1.08498
0.718969
1.08498
0.901973
0.450987
1.26798
0.0849777
1.26798
-0.0980268
1.90197
2.817
-0.464036
-0.830045
1.26798
0.267982
1.26798
-1.46404
-1.28103
0.901973
3.45099
0.0849777
-0.464036
0.267982
3
1.53596
1.35296
1.26798
-0.281031
-1.09803
0.0849777
-0.549013
-1.28103
-0.732018
-1.46404
1.08498
2.90197
0.901973
1.53596
-0.366009
0.35296
-0.281031
-1.83004
3.45099
0.35296
-0.549013
-0.732018
-1.28103
-0.0980268
-0.732018
1.35296
0.450987
0.267982
-0.830045
2.71897
-0.0130491
2.71897
-1.09803
-0.64704
-0.549013
1.98695
1.45099
1.26798
3.98695
1.45099
3.90197
0.901973
0.0849777
0.0849777
0.718969
-0.732018
0.0849777
-1.01305
1.45099
0.901973
-0.549013
2.53596
-0.549013
0.450987
-0.732018
3.45099
-0.0130491
2.90197
-0.915022
0.535964
1.45099
1.53596
1.45099
2.26798
-0.549013
1.45099
-0.549013
2.90197
1.26798
-0.366009
0.267982
-1.56206
1.71897
0.901973
2.63399
0.901973
1.90197
0.0849777
1.08498
1.08498
2.08498
-0.464036
1.53596
2.26798
-0.915022
1.45099
0.718969
2.35296
0.718969
3.53596
0.0849777
0.901973
1.08498
-0.915022
1.08498
-0.0980268
0.267982
-0.0980268
2.45099
0.0849777
1.08498
1.90197
-0.281031
0.633991
0.267982
-0.464036
0.633991
1.63399
2.08498
1.08498
1.08498
2.45099
0.169955
0.267982
-0.0980268
1.53596
0.267982
1.35296
1.45099
2.26798
1.71897
-0.281031
1.08498
-1.46404
0.0849777
1.08498
3.08498
2.63399
1.26798
1.26798
0.450987
-0.732018
0.718969
-0.830045
0.718969
1.26798
1.45099
3.08498
4.16996
0.169955
3.08498
0.718969
3.08498
1.08498
0.35296
2.45099
1.45099
0.816996
2.90197
0.718969
1.26798
2.26798
1.90197
2.63399
3.08498
0.901973
2.26798
1.90197
4.08498
0.718969
2.90197
3.26798
0.169955
2.26798
-0.64704
1.71897
1.08498
1.63399
-0.0980268
0.901973
4.63399
1.08498
0.267982
1.45099
1.45099
0.633991
4.08498
1.45099
3.08498
1.26798
0.901973
-0.0980268
1.90197
0.267982
1.08498
0.901973
0.535964
7.90197
1.26798
-0.464036
0.901973
2.63399
1.08498
-1.09803
1.98695
0.450987
-0.0980268
4.45099
4.90197
3.53596
1.98695
3.71897
-0.366009
6.08498
0.0849777
0.450987
1.26798
2.45099
2.08498
1.53596
2.26798
2.63399
-0.64704
-0.0980268
3.45099
1.71897
3.45099
1.817
4.08498
3.45099
1.26798
-0.732018
0.0849777
1.08498
-0.64704
2.26798
2.08498
-0.0980268
0.633991
1.71897
0.0849777
0.901973
0.267982
1.26798
0.267982
-0.281031
1.26798
0.901973
0.633991
0.535964
0.535964
0.901973
-1.46404
-1.28103
1.90197
0.986951
0.633991
0.0849777
-1.09803
-0.0980268
1.08498
0.0849777
4.71897
0.633991
-0.549013
-0.549013
0.0849777
0.718969
2.26798
3.26798
-0.0980268
1.08498
0.267982
-0.0980268
0.450987
0.633991
-0.915022
0.535964
2.63399
0.816996
-0.732018
0.633991
-0.549013
-1.46404
-0.915022
-0.549013
0.450987
-0.281031
-0.549013
-1.28103
0.0849777
1.26798
1.08498
0.267982
1.45099
-0.732018
-0.732018
0.267982
0.450987
2.90197
0.0849777
-0.732018
1.45099
2.45099
1.90197
-1.09803
1.45099
0.0849777
-1.46404
1.90197
1.63399
3.817
0.633991
0.450987
-0.281031
-2.01305
-0.464036
3.63399
1.63399
0.633991
1.90197
-0.0980268
-0.281031
0.267982
0.901973
-0.366009
-1.28103
0.267982
0.450987
-0.366009
-0.915022
0.450987
1.26798
1
-0.549013
-1.09803
0.0849777
1.45099
1.817
0.0849777
-0.0980268
0.267982
-0.830045
-0.0980268
-0.830045
-1.01305
0.633991
0.267982
-0.732018
-1.28103
-1.28103
1.08498
-0.549013
2
0.267982
-0.915022
0.0849777
0.450987
1.26798
-0.732018
-0.915022
0.816996
1.26798
-0.464036
0.0849777
3.08498
1.26798
-1.09803
0
1.817
1.08498
1.08498
1.45099
0.0849777
-0.281031
0.450987
-0.915022
-0.0980268
2.45099
0.0849777
2.63399
2.08498
-0.732018
0.267982
0.0849777
2.26798
1.26798
0.450987
-0.183004
1.71897
0.450987
-0.732018
1.08498
-0.183004
-1.28103
1.26798
-0.366009
-0.0980268
-1.09803
-2.74507
0.169955
0.0849777
-1.28103
1.63399
-0.549013
-0.366009
0.450987
-0.64704
0.633991
0.901973
-0.915022
-0.366009
0.0849777
0.267982
0.0849777
-1.09803
-0.281031
-1.09803
0.267982
0.450987
-1.09803
-1.46404
-0.0980268
0.535964
-0.281031
-0.0980268
0.267982
0.267982
-1.09803
-0.366009
-0.0980268
1.26798
0.633991
0.0849777
0.0849777
0.267982
-2.19605
0.450987
-0.0980268
0.718969
1.45099
1.08498
0.718969
3.90197
0.267982
0.267982
0.450987
0.267982
-0.281031
-0.549013
-0.732018
2.63399
-0.549013
-0.732018
1.45099
1.08498
1.26798
-0.0980268
2.817
0.450987
1.63399
0.0849777
1.26798
-0.281031
1.45099
-0.0980268
-0.732018
-1.28103
0.901973
-0.0980268
-0.183004
0.633991
0.633991
0.169955
-0.915022
-0.366009
-1.09803
0.267982
0.535964
-0.0980268
-1.46404
-1.28103
-1.09803
0.0849777
0.267982
-0.732018
-0.464036
-0.915022
-0.281031
0.450987
-0.549013
-0.732018
0.0849777
0.267982
2.45099
0.718969
0.267982
-0.464036
-0.366009
-0.915022
-1.28103
-1.28103
-1.09803
-0.366009
0.901973
1.63399
-1.46404
-2.01305
0.0849777
0.0849777
-0.549013
-1.64704
-1.46404
-0.732018
-0.549013
1.63399
2.63399
1
-0.0980268
0.267982
-0.915022
-0.0980268
-0.549013
-0.0980268
1.45099
0.0849777
-0.549013
0.450987
1.08498
-1.83004
-0.549013
1.63399
-1.01305
-0.549013
-0.732018
0.267982
-1.09803
0.267982
-0.732018
1.08498
-0.0980268
1.45099
-0.64704
-0.183004
1.08498
-0.549013
1.26798
1.45099
-0.915022
-0.915022
-1.46404
0.450987
0.0849777
1.26798
-0.366009
-0.464036
1.08498
-0.732018
-0.549013
-0.732018
-0.915022
0.633991
0.267982
-0.549013
0.816996
-0.366009
1.45099
-0.915022
-1.64704
-0.464036
-1.28103
-0.549013
-0.549013
-0.732018
-0.366009
-0.732018
1.26798
-1.46404
-0.464036
0.450987
-1.09803
-1.28103
0.267982
-0.549013
-0.281031
0.0849777
-1.64704
-1.46404
0.0849777
-0.366009
0.450987
0.633991
0.0849777
0.633991
0.0849777
-0.366009
-0.549013
-0.366009
-0.0980268
-0.281031
0.267982
-0.549013
0.267982
-1.28103
-0.732018
-0.732018
-0.549013
-0.732018
-0.464036
-0.732018
0.267982
0.816996
0.0849777
-0.549013
-1.64704
-0.549013
-1.28103
-0.549013
-0.0980268
0.0849777
-0.732018
-0.732018
0.267982
1.08498
-0.366009
-0.732018
-0.366009
-0.732018
-0.281031
0.267982
0.267982
1.08498
-0.549013
0.0849777
-0.915022
0.267982
0.718969
-0.915022
0
0.450987
1.26798
0.816996
-0.549013
-0.549013
-0.549013
-0.549013
-0.732018
0.450987
-0.732018
0.267982
-0.732018
-0.915022
0.267982
0.450987
-0.0980268
-0.732018
1.63399
-0.732018
-0.549013
-0.366009
0.633991
-1.28103
-0.549013
-0.732018
-0.915022
-0.732018
-0.732018
-0.732018
-1.09803
-0.549013
-0.549013
0.633991
-1.46404
-0.915022
1.45099
-1.09803
-1.09803
0.633991
0.0849777
-0.183004
-0.366009
0.0849777
0.633991
-0.915022
-0.366009
0.267982
0.0849777
-1.64704
0.267982
-0.0980268
0.450987
0
-0.549013
-1.46404
-1.28103
0.718969
-0.183004
-0.183004
-0.549013
-0.549013
-0.366009
-0.366009
-0.183004
-0.732018
-1.28103
0.0849777
-0.549013
0.633991
-0.183004
-1.09803
0.633991
0.633991
-0.549013
-1.09803
-0.915022
-0.183004
0.901973
0.633991
-0.915022
0.450987
0.0849777
-0.366009
-0.549013
-0.732018
-0.366009
2
-0.915022
-0.732018
-0.366009
-0.549013
-1.28103
-0.366009
-0.732018
-0.732018
-0.549013
-0.549013
-0.732018
-1.09803
-0.549013
-0.549013
-0.915022
0.0849777
-0.549013
-0.732018
0.267982
0.450987
-0.732018
-0.183004
-0.732018
-0.549013
-0.183004
-0.0980268
-1.09803
1
-1.28103
-0.183004
0.816996
-0.732018
0.633991
0.816996
-1.09803
3.817
0.633991
0.0849777
-0.732018
-1.64704
-0.732018
-0.732018
-0.549013
0.450987
-1.46404
-0.732018
1.817
-1.28103
-0.0980268
1
0.633991
0.633991
-0.732018
-0.366009
-0.183004
1
-0.366009
0.450987
0.450987
-0.549013
-0.732018
1.63399
-0.366009
-0.281031
-1.09803
0.633991
-0.549013
0.0849777
0.450987
0
0.816996
0
0.633991
1.45099
-0.183004
-0.549013
-0.549013
-1.28103
-0.732018
-0.183004
1.45099
-1.09803
-0.732018
0
0.816996
0.0849777
-0.732018
-0.366009
-0.549013
0.633991
0.267982
-1.09803
-0.366009
-0.366009
-0.549013
-0.549013
0.816996
0.633991
0.267982
-1.09803
-0.915022
-0.732018
-0.549013
-0.366009
-0.183004
0
-0.183004
-0.183004
-0.549013
-0.732018
0.633991
0.0849777
-0.732018
-0.549013
0.450987
0
0.267982
-0.732018
-0.183004
0.267982
-0.549013
0.450987
-0.549013
0.450987
1.817
-0.183004
-1.09803
-0.732018
-0.732018
-0.915022
-0.549013
-0.732018
-0.732018
0.450987
-0.183004
-0.183004
-0.366009
-0.183004
-1.09803
1
0.816996
-0.732018
-0.549013
-1.09803
1.45099
0.450987
1.63399
-0.732018
-0.183004
-0.366009
-0.732018
-0.549013
0.816996
0.633991
-0.366009
-0.915022
0.267982
0.267982
0.450987
0.267982
-0.0980268
-0.732018
-0.732018
0.633991
0.633991
-0.366009
-0.366009
-0.732018
-0.183004
-0.549013
-0.366009
0.0849777
1.63399
0
-0.732018
-0.915022
-0.183004
-0.732018
-0.732018
-0.366009
-0.732018
-0.549013
-0.549013
1
-0.183004
-0.183004
-0.0980268
-0.366009
-0.732018
0.633991
-0.183004
-0.183004
-0.915022
-0.549013
-0.183004
-0.183004
-0.183004
-0.915022
-0.732018
0
-0.183004
-0.549013
0.267982
-0.732018
-0.183004
-0.366009
-0.549013
0.450987
-0.464036
-0.183004
-0.549013
0.450987
-0.549013
-0.366009
-0.366009
-0.549013
-0.183004
0.450987
-1.09803
0.633991
-0.549013
0
0.450987
-0.366009
0
-0.366009
-1.28103
-0.549013
-0.366009
-0.183004
-0.915022
-0.366009
-0.183004
-0.549013
-0.366009
0.450987
0.816996
0.633991
-0.549013
-0.183004
-0.366009
-0.549013
-0.732018
-1.46404
-0.549013
0.633991
-0.549013
-0.732018
0.901973
-0.366009
0.633991
0.267982
-0.549013
-0.549013
1
-0.366009
-0.549013
-0.183004
-0.366009
-0.183004
-0.366009
0
-0.183004
1
-0.732018
-0.183004
0.816996
2.45099
-0.732018
-0.549013
0
-0.549013
-1.28103
0.633991
-0.549013
-0.183004
-0.183004
-0.183004
0.633991
-0.549013
-0.915022
-0.183004
-0.732018
-0.366009
-0.549013
0
0.633991
-0.366009
-0.549013
-0.549013
-0.183004
-0.366009
-0.366009
-1.28103
-0.183004
-0.0980268
0.450987
-0.183004
-0.915022
0.633991
-0.549013
0
-1.28103
-0.549013
-0.366009
-0.183004
0
-0.549013
0.450987
0.633991
0.816996
-0.366009
0.0849777
-0.183004
-0.366009
-0.183004
-0.549013
-0.366009
0.633991
0
-0.549013
-0.183004
-0.366009
-0.549013
-0.366009
0.267982
-0.366009
0.633991
1.817
-0.549013
0.0849777
-0.366009
-0.915022
-0.366009
-0.183004
-0.732018
-0.915022
-0.183004
-0.366009
0.633991
-0.366009
0.633991
-0.183004
0.816996
-0.366009
0.816996
-0.366009
-0.366009
-0.366009
-0.366009
-0.183004
-0.183004
0.633991
-0.732018
-0.732018
-0.183004
0.633991
-0.366009
-0.366009
0
-0.549013
-0.549013
-0.549013
-0.183004
-0.366009
0.816996
-0.366009
-0.366009
-0.366009
-0.183004
-0.366009
-0.366009
-0.366009
-0.366009
0.816996
-0.366009
-0.183004
-0.183004
1.817
-0.183004
0
-0.549013
-0.183004
-0.366009
0.816996
0
-0.183004
-0.366009
0.633991
-0.183004
-0.183004
0.816996
-0.732018
0.633991
-0.366009
-0.732018
-0.366009
0.816996
-0.549013
-0.183004
-0.549013
-0.183004
-0.183004
0
0.633991
-0.183004
-0.366009
-0.366009
-0.366009
-0.183004
-0.915022
-0.732018
0
-0.183004
0
-0.183004
-0.366009
-0.183004
-0.183004
-0.366009
1.817
-0.549013
0.633991
0
1
0
-0.366009
0
0.633991
-0.366009
-0.366009
-0.915022
-0.183004
-0.366009
-0.366009
0.450987
-0.183004
1.63399
-0.183004
-0.915022
-0.366009
-0.366009
-0.366009
-0.549013
-0.732018
-0.549013
-1.28103
0.633991
-0.366009
-0.366009
1
-0.915022
-0.183004
0.450987
-0.183004
-0.549013
0.633991
-0.915022
-0.732018
-0.183004
-0.366009
0.633991
-0.183004
-0.366009
-0.549013
-0.366009
0
-0.183004
-0.732018
-0.183004
0
0.450987
-0.366009
1.26798
0.816996
-0.366009
-0.366009
0
-0.183004
0.450987
1.817
-0.183004
-0.183004
-0.366009
-0.549013
-0.366009
-0.183004
-0.732018
0.816996
1
-0.915022
-0.366009
0
-0.366009
-0.366009
-0.366009
1
0.450987
-0.366009
-0.549013
0.267982
-0.732018
-0.183004
0
-0.183004
0
-0.183004
-0.549013
0.816996
0.633991
-0.183004
-0.366009
-0.183004
-0.183004
-0.366009
-0.183004
0
-0.366009
0.816996
-0.915022
-0.549013
0.633991
-0.549013
0
-0.915022
0.633991
-0.366009
0
-0.183004
-0.183004
0
-0.183004
-0.183004
0.633991
0
-0.366009
0.450987
-0.732018
-0.366009
-0.183004
-0.366009
-0.183004
-0.549013
0
0
-0.183004
-0.366009
-0.183004
0
-0.183004
-0.183004
-0.366009
-0.183004
-0.183004
0
0.633991
-0.183004
0
-0.183004
0
-0.366009
-0.366009
2
0
-0.366009
-0.183004
-0.366009
-0.549013
-0.183004
-0.549013
0.450987
0
-0.183004
-0.732018
-0.549013
-0.183004
-0.183004
-0.183004
-0.183004
0.816996
-0.366009
0.633991
-0.366009
-0.183004
-0.732018
-0.183004
-0.366009
-0.183004
-0.732018
-0.366009
1
0.450987
0.633991
-0.366009
0.633991
-0.183004
0.816996
-0.549013
1.817
-0.366009
0.633991
1.45099
-0.183004
-0.366009
0.633991
-0.366009
0
0.450987
-0.549013
-0.183004
-0.366009
-0.183004
0
-0.366009
0
0.450987
-0.183004
0.633991
-0.183004
-0.366009
-0.549013
-0.366009
-0.183004
-0.183004
-0.549013
-0.183004
0.633991
-0.549013
-0.549013
-0.915022
-0.366009
-0.183004
-0.183004
-0.549013
-0.366009
0
0
-0.183004
-0.549013
-0.549013
-0.366009
-0.183004
0
-0.549013
-0.366009
-0.183004
-0.549013
-0.549013
-0.366009
-0.183004
0.450987
-0.183004
0
-0.183004
-0.366009
-0.183004
1.63399
-0.366009
0.0849777
1
-0.183004
0.816996
-0.366009
-0.183004
0.816996
-0.366009
0
0
1
-0.732018
-0.366009
0
0
-0.183004
-0.915022
0.450987
-0.366009
-0.183004
-0.183004
0
-0.183004
0
0
-0.732018
-0.732018
-0.366009
0
-0.183004
-0.732018
1
-0.183004
0.816996
-0.183004
1.63399
-0.183004
-0.366009
0.816996
-0.183004
-0.366009
-0.549013
-0.183004
-0.183004
-0.183004
-0.366009
0
1.817
-0.183004
0
-0.549013
0
-0.366009
0.633991
0
0
-0.183004
-0.183004
-0.183004
0
-0.366009
-0.183004
-0.366009
-0.183004
0.816996
-0.183004
0
-0.366009
0.816996
-0.366009
0
0.816996
0
-1.09803
-0.366009
-0.366009
-0.549013
-0.366009
0
0
0.633991
-0.732018
-0.549013
-0.366009
0.450987
-0.549013
-0.183004
0
-0.183004
0.816996
-0.183004
2.63399
0
-0.183004
1
0
0
0
0
2
0
-0.183004
0
0
-0.183004
0.816996
0
-0.183004
-0.366009
-0.366009
-0.549013
-0.183004
-0.183004
0
-0.183004
0.816996
0
-0.183004
0.816996
-0.183004
1
0
-0.183004
0
1
-0.183004
-0.183004
1.817
-0.183004
-0.366009
-0.183004
-0.183004
-0.183004
-0.366009
-0.366009
1
-0.366009
0.633991
-0.366009
-0.183004
-0.183004
0.816996
-0.366009
-0.366009
-0.549013
0
1
-0.366009
-0.183004
-0.183004
-0.366009
-0.366009
-0.183004
-0.366009
0
0
0
-0.183004
-0.183004
0.633991
-0.183004
-0.183004
0
-0.183004
-0.366009
-0.366009
0
-0.366009
0
-0.183004
0
0
-0.183004
0
1
-0.183004
0
-0.183004
-0.183004
1
-0.183004
-0.549013
-0.366009
-0.366009
0.816996
-0.366009
-0.366009
-0.366009
-0.366009
-0.183004
1.63399
0.816996
1
-0.366009
-0.183004
0.816996
-0.183004
1
-0.366009
-0.549013
0
1
-0.183004
-0.183004
0.816996
-0.183004
0
-0.183004
-0.183004
-0.183004
-0.366009
1
1
0.816996
-0.183004
-0.183004
-0.183004
1
-0.366009
-0.366009
3.817
0
-0.183004
-0.183004
2
0
-0.183004
0.633991
-0.366009
-0.549013
0
0
0
-0.549013
-0.183004
-0.549013
0
0
-0.549013
-0.366009
-0.183004
-0.183004
0.633991
0
-0.183004
0.816996
-0.183004
-0.366009
0
-0.183004
-0.366009
-0.183004
0
0
-0.366009
-0.183004
-0.549013
-0.366009
0
-0.183004
-0.549013
-0.366009
-0.366009
-0.366009
1
-0.915022
0
-0.183004
-0.549013
1
-0.366009
0
-0.183004
-0.366009
-0.183004
-0.549013
0
0
0
-0.549013
0
-0.366009
-0.183004
1
0
-0.183004
-0.183004
0
-0.183004
-0.183004
0
-0.366009
-0.549013
-0.366009
-0.366009
-0.183004
0
0
0
-0.549013
0
-0.183004
-0.183004
-0.366009
-0.183004
-0.549013
-0.549013
0
0.816996
0
-0.549013
1
0.816996
-0.183004
-0.366009
-0.183004
-0.183004
-0.366009
0
0
0.633991
0.816996
-0.366009
0
-0.183004
1
0
0.633991
0
0.633991
0
-0.183004
0
-0.366009
-0.183004
0
-0.366009
1
-0.366009
-0.183004
0.633991
-0.549013
-0.183004
-0.549013
0.0849777
-0.183004
0
-0.366009
-0.366009
-0.183004
-0.183004
-0.183004
0.633991
-0.549013
0.816996
-0.549013
0
-0.183004
-0.366009
-0.366009
0
-0.183004
-0.183004
-0.183004
0.816996
-0.183004
-0.183004
-0.366009
-0.549013
0
0.816996
1
0
0
-0.732018
1
0
-0.549013
-0.366009
0
-0.183004
-0.732018
0
-0.366009
0
0.816996
-0.549013
-0.183004
-0.366009
-0.183004
-0.183004
-0.183004
-0.183004
0
-0.183004
-0.183004
0.816996
-0.183004
0.633991
0
-0.366009
-0.183004
-0.366009
-0.183004
0
-0.183004
0
1.63399
-0.549013
0
0
-0.183004
-0.549013
0
0
-0.183004
1
0
-0.183004
-0.366009
0
-0.183004
-0.183004
0
-0.183004
0
0.816996
0
0
-0.549013
-0.183004
-0.366009
-0.366009
-0.183004
-0.183004
-0.183004
-0.183004
0.816996
-0.183004
-0.366009
0.816996
-0.183004
-0.183004
-0.183004
-0.366009
-0.183004
0
-0.549013
-0.183004
-0.183004
0
0
1
-0.366009
0
-0.183004
-0.366009
0
1.817
0
-0.366009
0
1
-0.183004
0.633991
0
-0.183004
1.63399
-0.549013
-0.183004
-0.366009
-0.732018
-0.183004
0
-0.183004
-0.183004
0.633991
0
1
0.633991
0.816996
0
0
-0.366009
0
0.633991
0
0
-0.183004
-0.183004
-0.549013
0
-0.366009
-0.366009
-0.549013
-0.183004
0
-0.183004
0
0
-0.183004
-0.183004
0.267982
-0.183004
-0.366009
-0.183004
-0.183004
-0.183004
-0.366009
-0.366009
-0.366009
-0.183004
-0.183004
-0.366009
-0.366009
1
0.450987
-0.183004
0
-0.549013
1
-0.366009
0.633991
1
-0.183004
-0.366009
-0.549013
0.633991
-0.366009
-0.549013
0.633991
-0.183004
-0.549013
-0.183004
-0.366009
0.633991
0
0
-0.183004
-0.366009
-0.183004
-0.183004
-0.183004
-0.366009
-0.366009
0
-0.183004
0
0
0
0
-0.183004
0
-0.183004
-0.183004
-0.183004
-0.549013
0
0
1
-0.183004
0
-0.549013
-0.549013
-0.366009
-0.183004
0
0
-0.183004
-0.183004
-0.366009
0
-0.183004
0
-0.366009
-0.183004
1.63399
-0.366009
-0.915022
-0.366009
0
0.633991
-0.732018
2
-0.183004
-0.0980268
-0.183004
0
0
-0.366009
0
0
0
0
-0.183004
-0.183004
-0.366009
-0.183004
0
-0.183004
-0.183004
0.816996
0.816996
0
-0.183004
-0.183004
-0.183004
-0.183004
-0.366009
-0.366009
-0.549013
-0.183004
-0.183004
0
0
-0.183004
-0.183004
0
-0.366009
-0.366009
-0.183004
0
0
0
0.816996
-1.09803
-0.183004
-0.732018
-0.549013
-0.366009
-0.366009
-0.183004
0
0
0
0
0.267982
-0.183004
0
-0.183004
0
-0.366009
0
3
-0.183004
0
-0.366009
0
0
0
-0.366009
-0.549013
-0.549013
0.633991
0.816996
-0.183004
0.816996
0
-0.183004
-0.183004
-0.366009
-0.366009
0
0
0.816996
-0.366009
0
0
0
-0.366009
0.267982
0
-0.183004
-0.366009
-0.183004
-0.183004
-0.183004
-0.183004
0.633991
0.267982
-0.366009
-0.549013
0
-0.183004
-0.183004
-0.549013
0
-0.183004
-0.183004
1
-0.366009
-0.183004
0
0
0
-0.366009
-0.183004
-0.183004
0
0.450987
-0.183004
0
-0.366009
0
-0.366009
0
-0.183004
-0.183004
0
0
0
-0.183004
0
-0.366009
-0.183004
0
0
-0.183004
-0.183004
-0.549013
1
0.816996
0
0
0
0
0
0.450987
-0.366009
-0.183004
0
-0.183004
-0.183004
0
0
-0.183004
-0.183004
0.816996
0
0
-0.183004
0
-0.366009
0.816996
0
0
0
0
0
0
-0.366009
-0.732018
-0.183004
-0.366009
0.816996
-0.183004
0
-0.549013
-0.183004
0
0
-0.549013
-0.366009
-0.183004
-0.549013
0
-0.183004
0
0
0
0
0
-0.183004
0.816996
0
0.633991
-0.183004
-0.183004
-0.549013
0
-0.366009
0
-0.366009
0
0
-0.366009
-0.183004
-0.183004
0
0
-0.366009
1
0
-0.183004
0
-0.183004
-0.183004
-0.183004
-0.183004
-0.183004
0
-0.183004
0
0
-0.183004
-0.183004
0
0
-0.366009
-0.183004
0
-0.183004
-0.549013
-0.183004
0
-0.183004
-0.366009
-0.366009
0.450987
-0.732018
-0.366009
0
-0.183004
0
0.816996
-0.366009
-0.183004
0
-0.366009
-0.549013
0
0
0
-0.549013
-0.183004
0
-0.366009
-0.183004
0
-0.366009
0
-0.549013
1
0
-0.183004
-0.183004
-0.732018
0
0
0.816996
-0.366009
0
0
-0.183004
-0.183004
0
0
0
0
-0.183004
0
0
-0.366009
1
-0.183004
-0.549013
-0.549013
-0.183004
1.45099
0.633991
0
-0.183004
-0.366009
-0.183004
0
0.816996
-0.183004
0
-0.183004
-0.549013
0.816996
1
-0.183004
-0.183004
-0.183004
-0.183004
0
-0.183004
0
0
0
0
0
0
-0.183004
-0.183004
-0.183004
0
0
0
-0.183004
-0.183004
0
-0.183004
1.817
-0.183004
0
0
0
-0.183004
0
-0.183004
0.816996
0
-0.366009
-0.183004
0
0
-0.915022
0
-0.366009
0
-0.366009
-0.366009
-0.549013
0
0
0
0
0
-0.366009
-0.183004
-0.183004
-0.183004
0
-0.183004
1
-0.366009
-0.366009
0
-0.183004
-0.183004
-0.183004
-0.183004
-0.183004
0
0
0.633991
-0.183004
-0.183004
0
-0.366009
-0.183004
0
0.816996
-0.183004
-0.183004
0
0
0
0
-0.549013
0
-0.183004
0
0
0
0.816996
1
0
-0.183004
0
-0.183004
-0.366009
-0.183004
0
0
0
-0.183004
-0.366009
0
0
-0.183004
-0.183004
0
-0.183004
-0.366009
-0.366009
-0.549013
-0.366009
-0.183004
0
0.816996
1
-0.549013
-0.366009
1
0
-0.366009
-0.732018
-0.183004
0
-0.183004
0
-0.366009
-0.366009
-0.183004
-0.366009
-0.183004
-0.183004
-0.183004
-0.366009
0
-0.366009
0
0
-0.183004
-0.183004
0.633991
-0.183004
-0.183004
0
-0.183004
0
-0.366009
-0.366009
-0.183004
0
-0.549013
0
0
-0.183004
-0.183004
-0.366009
-0.366009
0
0.633991
1
0
-0.732018
-0.183004
-0.183004
0
1
0
-0.549013
0
-0.549013
0
-0.366009
0
-0.183004
-0.183004
0
0
0
-0.183004
-0.183004
-0.366009
-0.366009
0
0
-0.183004
-0.183004
0
-0.366009
0
-0.183004
0
0
0
0
-0.183004
-0.183004
-0.549013
-0.366009
-0.183004
0
-0.366009
0
-0.366009
-0.366009
-0.183004
1
0
1.817
-0.183004
-0.183004
0
-0.183004
-0.183004
0
0.816996
0
0
0
0
-0.183004
-0.183004
0
0
-0.183004
-0.183004
-0.183004
0
-0.183004
-0.366009
-0.183004
-0.183004
0
-0.183004
-0.366009
-0.183004
-0.183004
-0.183004
0
-0.183004
0
0
-0.183004
0
0
0
1
-0.183004
-0.183004
-0.366009
0
-0.183004
0
0
1
0
0
0
0
-0.549013
-0.366009
-0.183004
0
-0.183004
-0.549013
-0.183004
-0.183004
-0.183004
0
-0.183004
0
-0.732018
0
-0.183004
0
1
0
-0.366009
0
0
-0.183004
0
0
-0.183004
-0.366009
-0.183004
0.816996
-0.183004
-0.183004
-0.366009
-0.183004
1
-0.183004
-0.183004
0.816996
0
0
-0.183004
-0.183004
-0.549013
-0.183004
0
0
0
0
-0.549013
0
0
-0.549013
0
-0.183004
0
-0.183004
0
0
0
-0.366009
-0.183004
0
1
0
0
0
0
0
0
-0.183004
-0.183004
-0.366009
-0.183004
-0.366009
-0.183004
0.816996
0
-0.366009
-0.183004
-0.183004
0
0
-0.183004
0
0
0
-0.183004
-0.183004
-0.183004
0
0
-0.183004
0
-0.549013
-0.366009
0
-0.366009
-0.366009
-0.183004
-0.183004
0
-0.366009
0
0.816996
0
0
0
-0.366009
-0.183004
-0.183004
0
0
0
1
0
-0.183004
0
0.816996
0
0
-0.183004
0
0
-0.183004
-0.183004
0
0
-0.183004
0
0
-0.183004
0.816996
0
-0.366009
0
0
0
-0.183004
0
-0.366009
0
-0.183004
0
0
0
0
0
0.816996
0
-0.366009
0
-0.183004
-0.183004
0
0
-0.183004
-0.183004
0
0
-0.366009
-0.183004
0
0
0
-0.549013
-0.183004
0
-0.183004
0
0.633991
0
0
-0.183004
0
-0.183004
-0.366009
-0.183004
-0.183004
0
0
0
0
-0.183004
0
-0.183004
-0.183004
0.816996
0
-0.183004
0
-0.366009
0
-0.183004
0
-0.183004
-0.366009
-0.183004
0
0
0
-0.366009
0
0
-0.366009
0
1
0
-0.183004
0
-0.549013
0
0
0
-0.366009
-0.183004
0
0
-0.183004
-0.183004
0
-0.549013
-0.183004
-0.183004
-0.183004
0
0
-0.183004
0
-0.366009
-0.366009
-0.183004
-0.366009
0
0
-0.183004
-0.183004
-0.183004
0
0
-0.183004
-0.183004
0.816996
-0.183004
0.633991
-0.183004
0
0
-0.183004
0
0
-0.183004
-0.183004
-0.183004
-0.183004
-0.549013
-0.183004
-0.183004
-0.183004
0
-0.183004
-0.183004
0
0
-0.183004
0
-0.183004
0
-0.183004
0
0
0
-0.549013
-0.183004
0
-0.183004
-0.183004
-0.183004
0
-0.183004
0
0
-0.549013
-0.366009
-0.183004
-0.366009
-0.366009
0
-0.183004
-0.366009
0
0
0
1
0
0
0
0
0
0
0
-0.366009
0.816996
0
-0.366009
-0.366009
0
0
0
0.816996
-0.549013
0
0
0
0
0
-0.183004
0
1
0
-0.366009
0
0
0
0
0
-0.183004
-0.183004
-0.183004
0
-0.183004
0
0
-0.366009
-0.183004
0
0.816996
-0.549013
0
-0.183004
0
0
-0.183004
0
0
0
-0.183004
-0.183004
0
0
-0.183004
-0.183004
0
-0.366009
-0.183004
-0.183004
-0.183004
0
-0.366009
0
0
-0.366009
0
0
0
-0.183004
0
-0.183004
0
0
0
0
-0.183004
-0.366009
0
1
0
0
-0.183004
0
0
0
1
0
0
0
0
-0.366009
0
0
0
-0.183004
0
2
-0.366009
-0.366009
0
-0.183004
0
0
-0.183004
-0.366009
0
0
-0.183004
0
-0.183004
0
-0.366009
0
-0.183004
0
-0.366009
0
-0.183004
0
0
-0.366009
0
-0.183004
0.816996
-0.183004
-0.183004
0
-0.183004
-0.366009
-0.366009
-0.366009
0
0
0
-0.183004
-0.183004
-0.183004
0
0
-0.183004
-0.549013
0
-0.183004
-0.183004
0
-0.183004
-0.183004
-0.183004
-0.183004
0
0
0
0
0
0
0
0
-0.183004
-0.183004
0
0
-0.183004
0
0
-0.366009
0
-0.183004
0
-0.183004
0
0
-0.366009
-0.183004
-0.366009
0
-0.183004
0
0
0
0.816996
0
-0.183004
-0.183004
-0.366009
0
0
0
-0.183004
1
0
0
0
-0.183004
0.816996
0
0
0
-0.183004
0
-0.366009
-0.183004
-0.183004
0
0
-0.183004
0
0
0
-0.549013
0
0
0
0
-0.183004
0
0
-0.183004
0
0
0
0
0
0
0
-0.183004
0
0.816996
-0.366009
-0.366009
1
0
-0.366009
-0.183004
-0.183004
0
0
0
-0.183004
-0.183004
0
0
0
0
-0.366009
-0.183004
0
-0.183004
0
0
-0.183004
0
0
-0.183004
0
0
-0.549013
-0.183004
0
0
0
-0.183004
0
0
0
0
-0.366009
1
0
0
0
1
0
0
-0.183004
0
0
-0.183004
0
0
-0.183004
0
-0.183004
-0.183004
-0.366009
0
-0.183004
0
-0.183004
0
-0.183004
-0.183004
0
0
-0.183004
0
0
0
-0.183004
1
0
1
0
-0.183004
0
0
-0.183004
0
0
0
-0.183004
-0.183004
-0.183004
0
0
-0.183004
0
0
0
0
0
-0.183004
0.633991
0
0
-0.183004
-0.366009
-0.183004
-0.183004
-0.183004
0
-0.183004
-0.183004
-0.183004
1
-0.183004
0
-0.183004
0
-0.366009
-0.183004
0
0
-0.183004
0
0
-0.183004
1
-0.183004
0
-0.183004
0
0
-0.183004
-0.183004
-0.183004
0
0
-0.183004
0
0
-0.183004
0
-0.366009
0.816996
0
0
-0.183004
0
0
0
0
-0.183004
-0.183004
0
-0.366009
-0.183004
0
-0.183004
0
0
0
0
-0.183004
1
-0.183004
0
0
-0.183004
0
1
0
-0.183004
0
-0.366009
0
0
0
-0.183004
-0.183004
0
0
0
0
0
0
-0.183004
0.633991
0
-0.183004
0
0
0
-0.183004
-0.366009
0
0
0
-0.183004
0
1
-0.183004
-0.183004
1
0
0
0
0
0
-0.366009
0
-0.366009
0
-0.366009
0
0
0
-0.183004
0
-0.183004
0
0
-0.366009
0.816996
0
0
0.633991
-0.183004
0
0
0
0
-0.183004
0
0
0
0
0
0
-0.183004
-0.183004
0
-0.183004
-0.183004
0
-0.366009
0
-0.366009
0
0
0
-0.183004
0
-0.549013
-0.183004
0
0
0
0
0
-0.183004
0
0
-0.183004
0
0
0
-0.183004
0
0
-0.183004
0
-0.183004
-0.366009
-0.183004
-0.183004
-0.183004
0
-0.183004
0
0
0
-0.183004
-0.183004
0
0
-0.183004
0
0
-0.183004
0
0
0
0
-0.366009
-0.183004
0
0
-0.183004
0
0
0
-0.183004
-0.183004
-0.183004
0
0
0
0
0
-0.366009
-0.183004
-0.183004
-0.183004
0
0
-0.549013
-0.183004
-0.183004
-0.183004
0
-0.183004
0
0
0
0
0
1
-0.183004
0.816996
-0.183004
0
-0.183004
-0.366009
0
-0.183004
-0.183004
0
-0.183004
0
0
1
0
0
0
-0.183004
-0.183004
0.816996
-0.183004
0
0
0
-0.183004
0
0
-0.183004
-0.183004
0
-0.183004
0
0
0
1
0
-0.366009
-0.183004
0
0
2
0
0
0
1
0
-0.183004
0
-0.183004
0
-0.183004
0
0
-0.366009
0
-0.366009
0
0
0
0
-0.183004
1
1
-0.183004
0
-0.366009
0
0
0
-0.183004
0
0
-0.183004
0
0
0
-0.183004
0
0
-0.366009
0
-0.183004
-0.183004
-0.549013
-0.183004
0
-0.549013
0
0.450987
-0.366009
0
-0.366009
-0.183004
-0.366009
0
-0.366009
-0.183004
0
0
0
-0.183004
-0.183004
0
1
1
0
0
-0.183004
-0.183004
-0.183004
0
0
0
0.267982
0
0
0
0
-0.366009
-0.183004
-0.183004
0
0
0
0
0
1
0.633991
-0.183004
0
0
-0.183004
-0.366009
0
0
-0.183004
-0.183004
-0.366009
0
0
0
0
0
0
0
0
-0.183004
0
0
-0.183004
-0.183004
-0.183004
-0.183004
0
-0.183004
-0.183004
0
0
0
0
-0.183004
0
0
0
0
-0.183004
0
0
0
0
-0.549013
-0.366009
-0.183004
-0.183004
-0.183004
0
-0.183004
-0.183004
-0.183004
-0.366009
-0.183004
0
-0.183004
0
0
0
0
-0.183004
0
0
0
-0.183004
0
-0.183004
0
0
-0.183004
1
-0.366009
0
0
-0.366009
0
0
0
-0.183004
0
-0.183004
0
0
-0.183004
-0.183004
-0.183004
0
0
-0.183004
-0.183004
0
-0.183004
-0.549013
0
0
0
-0.183004
0
0
1
0
0
-0.183004
0
0
-0.366009
0
1
0
-0.183004
0
0
-0.183004
0
0
0
1
1
-0.183004
-0.366009
0
1
0
0
0
-0.183004
1.63399
0
0
0
0
-0.183004
0
0
0
0
-0.366009
0
-0.366009
0
0
0
0
0
-0.183004
0
0
0
-0.183004
-0.366009
0
0
0
0
0
0
0
0
-0.183004
-0.183004
0
0
0
-0.183004
0
-0.366009
-0.183004
0
0
0
0
0
-0.183004
0
-0.183004
0
-0.183004
0
-0.183004
0
0
-0.366009
0
-0.183004
0
-0.183004
0
0
-0.366009
-0.183004
0
-0.183004
0
0
0
-0.183004
-0.183004
0
-0.183004
0
-0.183004
0
-0.183004
-0.183004
0
0
0
-0.183004
-0.183004
-0.183004
-0.183004
-0.366009
0
-0.366009
1
0
0.633991
-0.183004
0.816996
0
0
0
-0.183004
0
0
0
-0.183004
0
-0.183004
0
-0.183004
-0.183004
0
-0.183004
0
0
0
-0.183004
-0.183004
-0.732018
0
0
-0.183004
0
0
0.816996
0
-0.183004
1
0
0
0
-0.366009
0
1
0.816996
0
0
0
0
0
0
-0.183004
0
0
-0.183004
0
-0.183004
-0.366009
0
0
-0.183004
0
0
-0.183004
-0.183004
-0.183004
0
0
0
-0.183004
0
0
-0.183004
0
0
1
0
-0.183004
0
0
0
0
-0.183004
0.816996
0
0
0
0
0
0
0
-0.366009
0
0
-0.183004
0
-0.183004
-0.183004
0
0
0
-0.183004
0
-0.366009
-0.183004
1
0
0
-0.183004
0.816996
-0.183004
-0.183004
0
-0.183004
0
-0.183004
-0.183004
0.816996
-0.183004
0
0
0
0
0
0
0
0
0
0
-0.366009
0
0
0
0
-0.549013
0
0
0
0
0
0
0
0
1
0
0
-0.366009
-0.183004
0
0
0
0
0
0
0.816996
-0.366009
0
-0.366009
0
-0.183004
-0.183004
-0.183004
-0.183004
0
-0.183004
0
0
-0.366009
0
-0.366009
0
0.816996
-0.183004
-0.366009
0
-0.366009
1
-0.183004
0
0
0
0
0
0
0
-0.183004
0
-0.183004
0
0
0
0
0.816996
0
0
-0.183004
-0.183004
0
0
0
0
0
0
-0.183004
-0.183004
0
0
0
0
0
0
0.633991
1
-0.366009
-0.183004
0
0
0
-0.183004
0
0
0
0
-0.366009
-0.183004
0
-0.183004
0
0
0
0
0
-0.366009
0
-0.183004
-0.366009
0
0
0
-0.183004
0
0
0
0
0
0
-0.183004
-0.183004
-0.183004
0
-0.183004
0
-0.183004
-0.183004
0
-0.183004
1
0
1
0
-0.366009
-0.366009
0
-0.183004
1
0
0
0
-0.183004
0
-0.183004
-0.183004
0
1
0
0
0
0
0
-0.183004
0
0
0
-0.183004
0
0
0
0
0
0
0
-0.183004
0
0
0
-0.183004
0
0
0
-0.183004
-0.183004
0
0
0
-0.183004
0
-0.183004
0
0
-0.183004
0
0
0
0
0.816996
0
-0.183004
-0.183004
0
0
-0.183004
-0.183004
0
0
-0.183004
0
-0.183004
0
-0.183004
-0.183004
0
0
-0.183004
-0.366009
0
-0.183004
-0.183004
0
0
0
0
0
0
0
0
0
0
0
0
0
0
-0.183004
0
-0.549013
0
0
-0.183004
0
0
0
-0.183004
0
1
-0.366009
0
0
-0.366009
-0.183004
0
0
-0.183004
0
0
0
-0.183004
0
0
0
-0.183004
0
0
-0.183004
-0.366009
0
0
-0.183004
0
0
0
-0.183004
-0.183004
0
0
1
0
-0.183004
-0.183004
-0.183004
0
-0.183004
-0.183004
-0.183004
-0.183004
0
0
0
-0.183004
0
0
0
0
-0.183004
0
0
-0.366009
0
1
-0.366009
0
0
0
0
0
-0.183004
-0.183004
0
0
0
0
-0.183004
0
0
0
-0.183004
-0.183004
-0.183004
0
0
-0.183004
0
0
0
-0.183004
-0.183004
0
0
-0.183004
0
-0.183004
0
0
-0.183004
-0.183004
0
0
-0.183004
1
-0.183004
0
0
0
0
0
-0.183004
-0.183004
0
0
1
0
0
0
0
-0.183004
-0.183004
-0.183004
0
0
0
0
0
0
-0.183004
0
0
0
0
0
0
0
-0.183004
0
0
-0.183004
0
0
0
0
0
-0.366009
0
0
0
0
0
0.816996
-0.183004
0
0
0
0.816996
0
0
-0.183004
0
0
0
0
0
-0.183004
0
0
0
-0.183004
0
0
0
0
0
0
0
-0.183004
-0.183004
0
-0.366009
0
0
0
0
0
0
-0.183004
0
-0.183004
0
0
0
0
-0.183004
0
0
-0.183004
0
0
0
-0.183004
0
1
0
0
-0.183004
0
1
0
0
0
-0.366009
0
0
0
0
0
0
-0.183004
0
0
0
0
0
0
0
-0.183004
-0.183004
0
-0.183004
0
-0.183004
0
0
0
0
0
-0.183004
-0.366009
0
-0.183004
-0.183004
-0.366009
0
0
-0.183004
-0.183004
0
0
-0.366009
0
0
0
-0.732018
0
0
0
0
1
0
0
-0.183004
-0.366009
0
0
0
0
0
0
0
0
0
0
0
0
0
0
0
0
0
0
-0.366009
0
0
0
0
0
0
0
0
0
-0.183004
0
0
0
0
0
0
-0.183004
-0.366009
-0.183004
0
0
-0.183004
0
-0.183004
0
0
-0.183004
0
0
0
0
0
-0.183004
-0.183004
0
0
0
0
0
-0.183004
0
0
0
0
0
-0.183004
0
-0.183004
0
0
0
0
0
-0.366009
0
0
0
0
0
-0.366009
-0.183004
0
0
-0.366009
0
0
0
0
0
0
0
-0.183004
0
0
0
0
0
0
0
0
0
0
-0.183004
-0.183004
0
0
0
0.816996
0
0
0
0
-0.183004
0
0
-0.183004
0
-0.183004
0
0
0
0
0
-0.183004
0
0
0
0
0
-0.366009
0
0
-0.183004
0
0
0
0
0
0
0
0
0
0
-0.183004
0
0
0
0
-0.366009
0
-0.183004
-0.183004
0
0
0
0
0
0
0
0
0
0
0
0
0
-0.183004
0
0
-0.183004
0
-0.183004
0
0
-0.183004
0
0
0
0
0
0
-0.183004
-0.366009
0
0
0
0
0
-0.183004
0
0
-0.183004
0
0
0
0
0
0
0
0
0
0
0
0
-0.183004
0
0
0
0
0
-0.366009
0
0
0
0
0
0
0
0
0.633991
0
-0.366009
0
-0.183004
0
0
-0.183004
0
0
0
0
-0.183004
-0.183004
-0.183004
0
0
0
0
-0.183004
0
-0.183004
-0.183004
0
0
1
0
0
-0.366009
-0.183004
0
0
0
-0.183004
0
-0.183004
0
0
0
0
0
0
0
-0.183004
-0.183004
0
0
0
0
0
-0.183004
-0.183004
0
-0.183004
0
0
1
0
0
0
0
0
0
-0.183004
0
0
0
0
0
0
0
0
-0.183004
0
0
1
-0.183004
0.816996
0.816996
1
0
-0.366009
0
-0.366009
-0.183004
0
-0.183004
0
0
0
0
-0.183004
-0.183004
-0.183004
0
0
0
0
1
-0.366009
-0.366009
0
1
-0.183004
0
-0.183004
0
0
0
0
0
-0.366009
0
0
0
0
-0.366009
0
0
0
0
1
0
0
-0.183004
-0.183004
-0.183004
-0.183004
0
0
-0.183004
-0.366009
0
0
0
-0.183004
0
-0.183004
0.816996
0
0
0
0
-0.366009
0
0
0
0
0
0
0
1
0
0
0
0
0
-0.183004
0
-0.366009
0
-0.183004
-0.183004
0
1
0
0
0
0
-0.183004
0
0
0
0
0
0
-0.183004
0
0
0
-0.183004
0
0
0
0
0
0
0
0
0
0
0
0
-0.183004
0
0
0
0
-0.183004
-0.366009
-0.183004
0
0
0.816996
0
-0.183004
-0.183004
-0.183004
-0.183004
0
-0.183004
0
-0.183004
-0.183004
0
-0.183004
0
0
-0.366009
0
0
0
-0.183004
0
0
0
0
-0.183004
-0.183004
-0.183004
-0.183004
0
0
0
-0.183004
0
0
0
0
0
0
-0.183004
0
1
-0.366009
0
0
1
0
0
0
-0.183004
-0.183004
-0.183004
0
0
0
0
0
0
0
0
0
0
0
0
0
0
0
-0.183004
0
-0.366009
0
-0.183004
0
0
0
0
0
-0.183004
0
-0.183004
0
0
0
-0.183004
-0.183004
0
0
0
0
0
-0.183004
0
0
0
0
0
0
-0.366009
0
0
0
-0.183004
0
0
0
0
1
0
-0.549013
0
0
0
0
-0.183004
0
0
0
0
0
0
0
0
0
0
0
0
0
-0.732018
0
0
0
-0.183004
0
0
0
0
0
-0.183004
0
0
-0.183004
0
0
-0.183004
-0.183004
-0.183004
0
0
-0.183004
-0.183004
-0.183004
0
0
-0.366009
-0.183004
0
0
0
0
0
-0.183004
-0.183004
0
0
0
0
-0.366009
0
0
0
-0.366009
0
-0.183004
0
0
0
0
0
1
0
0
0
0
0
0
1
0
-0.183004
0
0
0
0
0
0
-0.366009
0
0
-0.183004
0
0
0
0
0
0
0
0
-0.183004
0
0
0
-0.366009
0
0
1
0
0
0
0
0
-0.183004
-0.183004
0
0
0
0
0
0
0
0
0
0
0
0
0
0
1
0
-0.183004
-0.183004
0
0
0
0
0
0
0
0
0
0
0
0
0
0
0
0
0
0
0
0
-0.183004
0
0
0
-0.183004
0
0
-0.183004
-0.183004
0
0
0
-0.183004
0
0
0
0
0
0
-0.183004
0
0
0
0
-0.183004
-0.183004
0
1
0
-0.183004
0
0
0
0
0
0
0
0
0
0
1
0
0
0
0
0
-0.183004
0
0
0
-0.183004
0
0
0
0
0
0
0
0
-0.183004
0
0
-0.183004
0
-0.366009
0
0
0
1
0
0
0
0
0
1
0
0
0
0
0
-0.183004
1
0
0
0
-0.183004
0
0
0
0
0
0
0
0
0
0
0
-0.366009
0
0
0
0
0
-0.183004
-0.183004
0
0
0
0
1
-0.183004
0
0
0
-0.183004
0
-0.183004
0
0
0
0
0
0
0
0
0
0
0
0
0
0
0
0
0
0
0
0
0
0
0
-0.183004
0
1
0
0
0
0
0
1
1
-0.183004
-0.183004
0
0
0
-0.183004
0
0
-0.183004
-0.183004
0
-0.183004
0
0
-0.183004
0
-0.366009
-0.183004
0
0
0
-0.183004
0
0
0
0
0
0
0
0
0
0
-0.366009
0
0
0
-0.183004
0
0
0
0
-0.183004
0
0
0
1
0
1
0
0
0
0
0
0
0
0
0
0
0
0
0
0
0
0
0
1
0
0
0
0
0
1
0
0
-0.183004
0
0
-0.183004
0
0
-0.183004
0
0
0
0
0
0
0
0
0
0
0
0
0
0
0
0
0
0
0
-0.183004
-0.183004
-0.183004
0
0
0
0
0
0
0
0
-0.549013
0
0
0
0
0
0
-0.366009
0
-0.366009
0
0
0
0
-0.183004
0
0
0
-0.183004
0
0
-0.183004
-0.183004
0
0
0
0
0
0
0
0
0
-0.183004
1
0
0
0
0
0
-0.183004
-0.183004
1
0
0
0
0
0
0
0
1
0
0
0
0
-0.183004
-0.183004
-0.366009
0
-0.183004
1
-0.366009
-0.183004
0
-0.183004
0
0
0
0
0
-0.183004
-0.183004
0
0
-0.183004
0
0
-0.183004
0
0
-0.183004
0
0
0
-0.183004
-0.183004
0
0
0
0
0
0
0
0
0
0
0
0
0
0
0
0
0
0
0
0
0
0
0
-0.366009
-0.183004
0
0
0
-0.183004
-0.183004
0
-0.366009
-0.183004
0
0
0
0
0
1
0
0
0
-0.183004
0
-0.366009
-0.183004
0
0
-0.183004
-0.183004
-0.366009
-0.549013
0
1
0
0
-0.183004
0
0
0
0
0
-0.183004
0
0
0
0
0
0
0
0
-0.183004
0
0
0
0
-0.183004
-0.183004
0
0
0
-0.183004
-0.549013
0
-0.183004
-0.366009
0
0.816996
-0.183004
-0.366009
0
0
0
0
0
0
-0.183004
0
0
-0.183004
-0.183004
0
0
-0.183004
0
0
0
-0.366009
0
0
0
0
0
-0.183004
-0.549013
-0.183004
-0.183004
-0.183004
0
0
0
-0.183004
-0.183004
-0.366009
-0.183004
0
0
-0.183004
0
0
-0.183004
-0.366009
0
0
-0.366009
-0.183004
0
-0.183004
-0.366009
-0.183004
-0.183004
0
0
-0.366009
0
-0.183004
-0.549013
0
0
0
-0.183004
0
-0.183004
-0.183004
0
0
-0.183004
0
-0.183004
0
0
-0.183004
0
0
-0.183004
-0.183004
0
-0.183004
-0.366009
-0.183004
-0.183004
0
0
-0.183004
0
-0.366009
-0.183004
-0.366009
-0.183004
-0.183004
0
0
-0.183004
0
0
0
0
0
-0.183004
0
-0.366009
0
-0.183004
-0.183004
-0.183004
0
0
0
0
-0.183004
-0.183004
0
-0.183004
0
0
0
-0.732018
0
0
-0.183004
-0.183004
-0.366009
0
-0.366009
-0.183004
0
0
0
0
0
0
-0.183004
-0.183004
0
-0.183004
0
0
0
-0.183004
-0.366009
-0.183004
-0.183004
0
0
-0.183004
1
-0.366009
0
0.816996
-0.183004
-0.183004
0
-0.183004
-0.183004
-0.183004
0
0
0
-0.183004
0
-0.732018
0
-0.183004
0
0
0
-0.183004
-0.183004
-0.183004
0
0
0
0
0
0.816996
0
-0.366009
-0.366009
-0.183004
0
-0.183004
0
0
0
0
0
-0.366009
-0.366009
0
-0.366009
0
0
0
0
0
0
0
0
-0.366009
0
0
0
0
0
0
0
-0.183004
0
0
0
-0.366009
0
-0.183004
0
0
0
-0.183004
-0.183004
-0.183004
0
0
1
0
0
-0.183004
0
0
0
0
-0.183004
0
0
0
0
0
0
-0.183004
-0.183004
0
0
0
0
0
0
0
0
0
0
0
0
0
0
0
-0.183004
0
0
0
0
0
0
0
0
0
0
0
0
0
0
0
0
0
0
0
0
0
0
0
-0.183004
0
0
0
0
-0.183004
-0.183004
0
0
0
0
0
0
0
-0.183004
-0.183004
0
-0.183004
0
0
0
0
0
0
0
0
0
0
0
0
0
0
0
-0.183004
-0.183004
0
-0.183004
0
0
0
0
0
-0.183004
0
0
0
0
-0.183004
0
-0.183004
0
0
0
0
0
0
0
0
0
0
0
0
0
0
0
0
0
0
-0.183004
0
0
0
0
0
0
0
0
0
0
0
0
0
0
0
0
0
-0.183004
0
-0.183004
0
0
0
0
-0.183004
0
-0.183004
0
0
0
0
0
0
0
0
0
-0.183004
0
0
0
0
0
0
0
0
0
0
0
0
0
0
0
0
0
1
0
0
0
0
-0.183004
0
0
0
0
0
0
0
-0.366009
0
0
0
0
0
0
0
0
0
-0.183004
0
0
0
0
-0.183004
0
0
0
0
0
0
0
0
0
0
0
0
0
-0.366009
0
0
0
0
0
0
-0.183004
0
0
-0.183004
-0.183004
0
0
0
0
1
0
0
0
0
0
0
0
0
0
0
0
0
0
0
0
0
0
0
0
0
0
0
0
0
-0.183004
0
0
0
0
0
0
0
0
0
0
0
0
0
0
0
-0.183004
0
0
0
0
0
0
0
1
0
0
0
-0.183004
0
0
0
0
0
0
0
0
-0.183004
0
0
0
-0.183004
0
0
-0.183004
-0.183004
-0.183004
0
-0.183004
0
0
0
0
0
0
0
0
0
0
0
0
0
0
0
0
0
1
0
0
0
0
1
0
0
0
0
0
0
0
-0.183004
0
0
0
0
0
0
0
0
-0.183004
0
0
0
0
0
0
0
0
0
0
-0.366009
1
0
0
0
0
0
0
-0.183004
0
0
0
0
0
0
0
0
0
0
0
0
0
0
0
0
-0.183004
0
0
0
0
0
0
0
0
0
0
0
0
0
0
0
0
0
0
0
0
0
0
0
0
0
0
0
0
0
0
0
0
-0.183004
0
0
0
0
0
0
0
0
0
0
0
0
0
0
-0.183004
0
0
-0.183004
0
0
0
0
0
0
0
0
0
0
0
0
0
0
0
0
0
0
0
0
0
0
0
0
-0.183004
0
0
0
0
0
0
0
0
-0.183004
0
0
0
0
-0.183004
-0.183004
-0.183004
0
0
0
0
0
0
0
0
0
0
0
0
0
0
0
0
0
-0.183004
0
0
0
0
-0.183004
0
0
0
0
0
0
0
0
-0.183004
0
0
0
0
0
0
0
0
0
-0.183004
0
0
0
0
0
-0.183004
0
0
0
0
-0.183004
0
0
0
0
1
0
0
0
0
0
0
0
0
0
1
0
0
0
0
0
0
0
0
0
0
0
-0.183004
0
0
0
0
0
0
0
1
0
0
0
0
0
0
0
0
0
-0.366009
0
0
0
0
0
0
0
0
-0.366009
0
0
0
-0.183004
0
0
0
0
0
-0.183004
0
0
0
-0.183004
0
-0.183004
0
0
0
0
0
0
0
0
-0.183004
0
0
0
0
0
-0.183004
0
0
0
0
0
0
0
0
0
0
0
0
0
0
0
0
0
0
0
0
0
0
0
0
0
0
0
0
0
0
0
0
0
-0.183004
0
0
0
0
0
0
0
0
0
0
0
0
0
0
0
0
0
0
0
-0.183004
0
0
0
0
0
0
-0.183004
-0.183004
0
0
-0.366009
0
0
0
0
0.816996
0
0
0
0
0
0
0
-0.183004
0
0
0
0
0
0
0
-0.183004
0
0
0
0
0
0
0
0
0
0
0
-0.183004
0
0
0
0
0
0
0
0
0
0
-0.183004
0
0
0
-0.183004
0
0
0
0
1
0
0
0
0
0
-0.366009
0
0
0
0
0
0
0
0
0
0
-0.183004
-0.183004
0
0
0
0
0
0
0
0
0
0
0
0
1
0
-0.183004
0
-0.183004
0
0
0.816996
1
-0.183004
0
0
-0.183004
0
0
0
-0.183004
0
-0.183004
0
0
0
0
-0.366009
-0.183004
0
0
-0.183004
0
-0.183004
-0.366009
0
0
0
0
0
0
-0.183004
-0.183004
0
0
0
0
0
1
0
0.816996
0
0
-0.366009
0
0
-0.183004
0
-0.183004
-0.183004
0
0
0
0
0
0.816996
-0.183004
0
0
0
0
-0.183004
-0.366009
0
0
-0.183004
-0.183004
0
-0.366009
1
-0.366009
0
0
-0.366009
-0.183004
-0.183004
-0.366009
0
0
0
0
0.816996
0
0
0
-0.183004
0
0
0
-0.183004
-0.549013
0
0
0
0
-0.183004
0
-0.183004
0
0
-0.183004
0
-0.366009
0
0
0
0
-0.183004
0
0
0
0.816996
-0.183004
0
-0.366009
0
-0.183004
-0.183004
-0.183004
-0.366009
-0.183004
0
0
0
1
0
-0.183004
0
-0.183004
0
1
0
0
0
0
