0
0
0
0
0
0
0
0
0.48359
1.27703
0.311051
1.10449
2.86269
0
0
3.00121
3.65613
0
4.48359
0.552846
0
0
0
2.58687
0
2.65613
3.20777
0
4.75941
0.656128
0
5.03523
2.82867
6.13851
2.55285
0
1.48359
0
0
1.31105
1.89792
5.03523
5.03523
0
0
1.38031
1.75941
2.31105
0
0
0
0.75941
0
0
0.75941
2.55285
0.931949
3.10449
0
3.65613
0
0.828667
0
0.828667
1.03523
1.10449
2.82867
0
1.10449
1.93195
0
0
5.38031
3.48359
0
0
2.58687
0.380308
2.55285
0
0
1.03523
0
0
0.931949
3.75941
3.00121
0.725385
0
2.13851
4.41433
0
1.2418
4.13851
3.03523
0
1.13851
0.241795
1.48359
0
0
0
1.41433
0
0
0.104487
0
0
2.2418
4.03523
0
0
1.86269
0.0352311
2.31105
2.48359
2.48359
3.10449
0
0
2.03523
0
0
0
3.13851
0
0
8.41433
6.93195
0
5.48359
0
0
0
0
0
0
1.93195
1.93195
0
1.20777
0
0
0.138513
2.03523
0.0352311
0
0.862692
0
2.03523
2.65613
0.656128
0
1.31105
0
0
2.93195
4.69015
1.93195
0
1.31105
0
0
1.55285
0
4.03523
1.75941
7.27703
1.72538
2.69015
0
2.48359
0
0
0
1.38031
3.38031
1.93195
0
0
3.93195
0
0.380308
0.48359
0
0.75941
0
0
0
0
2.93195
0
3.58687
2.69015
2.58687
0
0
5.93195
0.48359
0
0
0
4.86269
0
0
0
1.58687
0
0
3.58687
0
0
1.13851
0
5.20777
0
0
0
0
0
0
0
4.65613
0
3.75941
0.75941
0
2.41433
0
0
0
1.13851
0
0
1.58687
2.58687
2.93195
1.00121
1.58687
0.75941
0
6.31105
0.380308
1.31105
0
0
0
0
1.38031
0.104487
0.207769
1.96597
0
0.931949
4.75941
0
0
0
4.03523
0
2.82867
0
1.20777
3.03523
0.862692
4.86269
1.10449
1.20777
0
6.03523
0
0.207769
0.586872
0
0
0
2.58687
1.96597
4.75941
0
0.380308
0
2.58687
0
0
1.41433
0
0
0
0
3.58687
0
2.13851
1.31105
0
3.13851
0.48359
0
0
0.931949
0
2.48359
3.13851
0
3.31105
0
0
2.31105
0
2.31105
0
1.13851
5.86269
0.965975
0.75941
0
5.96597
2.58687
0
0
0
0
0
0
0
0
0
2.75941
0
3.79344
0
2.75941
0
2.58687
0.48359
2.86269
3.79344
0.138513
4.96597
0
0
0
0
0.586872
0.138513
0.138513
1.48359
1.75941
0
3.03523
0
0
0
0
0
0
2.58687
0
0
0
4.38031
0
1.48359
1.03523
1.96597
0
0.0352311
1.03523
0
0.75941
0
0
1.96597
0
1.31105
1.48359
0
2.38031
1.86269
0
3.2418
0.414334
0
0
3.96597
2.13851
2.58687
1.13851
5.86269
0
0.862692
0.656128
3.51762
0
0
1.93195
3.03523
0
1.86269
0
2.03523
0.965975
0
3.38031
4.13851
0
4.96597
2.48359
2.41433
5.2418
0
0
0
0
3.51762
4.03523
4.13851
0
0.138513
0
0
0
1.13851
0
3.2418
0.414334
0
3.75941
0
0
2.31105
2.13851
1.69015
0
2.51762
0.965975
0
0
0.138513
0
2.58687
0
0
0.311051
0
0
1.2418
0.690154
1.31105
2.69015
3.96597
0
0
3.58687
2.79344
4.69015
0.414334
3.75941
0
0
0
0
3.31105
0.48359
0.48359
0
2.51762
0
0
0
0
0
0
0
4.41433
0
0.965975
1.86269
0
7.13851
0
1.03523
0
0
2.31105
0
0
0
1.13851
1.69015
0
2.58687
0.965975
0
0.0352311
1.41433
0
2.13851
0
0
3.48359
0
0
0.207769
0.0352311
1.69015
0
5.41433
3.75941
0
0.0352311
4.75941
0
3.51762
0
0
0.586872
0
0.586872
1.75941
0
3.41433
0
1.2418
2.41433
0.48359
1.96597
0
0
0
5.13851
3.13851
0
2.79344
0
1.69015
0
2.41433
0
1.96597
0.690154
0
0.586872
1.41433
0
2.86269
0
0
3.41433
0
1.58687
3.34508
0
0
0
0
3.58687
0.311051
2.2418
2.58687
0
0
1.48359
4.31105
0
0
3.41433
2.93195
0
1.41433
0.311051
0
0
0
0
1.69015
0
5.86269
5.86269
0.586872
0.414334
0
1.96597
0.311051
0
3.51762
0
0.0352311
3.86269
2.65613
0
0.586872
0
1.41433
0.138513
0
0
0.0352311
0.414334
0
0
0.414334
0
0
0.414334
0
1.86269
0.793436
0
2.86269
0
0
2.13851
1.79344
0
0
6.69015
1.03523
0
0
0
0.862692
0
2.58687
1.41433
2.58687
4.31105
1.51762
0.138513
0.690154
0.517616
0
3.79344
0
3.86269
2.03523
0
0
0
1.31105
0
5.79344
0
0
0.138513
1.69015
0.793436
0.690154
0.241795
1.69015
2.31105
0.414334
1.13851
2.06926
0.414334
0.965975
0
4.96597
0
1.51762
0
0.862692
3.06926
3.2418
1.2418
0.586872
0
0
0
0.690154
2.41433
5.41433
0
0
0.690154
0.965975
0
0
0.241795
0.517616
0
0
0
0
0
0
0
0
0
5.34508
2.41433
0.0692565
0.345077
0.517616
0.345077
0
0
0
2.69015
0
0
0
0
0
1.06926
1.51762
0
2.51762
0.517616
0
0.138513
0
0
1.69015
0
0.793436
4.06926
0
0
0.965975
0
0
0
0.517616
3.06926
1.41433
2.06926
0
3.34508
0
3.34508
2.79344
0
0
0
5.41433
0
0
0
2.34508
2.69015
0.862692
0
0
3.69015
0.241795
0.517616
2.06926
0.517616
0.620898
0
0.896718
4.2418
0
5.79344
1.06926
2.34508
3.34508
0.345077
0
0
0.517616
3.89672
0
0
2.79344
1.89672
0
0.138513
0
6.51762
3.6209
1.79344
0
0.241795
0.793436
0
0
0
0
0
0
3.79344
2.2418
0
0.793436
0
1.17254
0.241795
1.69015
0
0
0
0
0
0
0
0
1.89672
0.896718
0.862692
3.6209
2.79344
2.06926
0.896718
2.51762
0
1.79344
0.345077
0.965975
0
3.79344
1.2418
3.79344
0
0
2.2418
1.51762
4.2418
0.0692565
0.690154
0
4.51762
0
3.06926
0
0
2.41433
3.51762
1.2418
0
0
0
0
1.51762
0
0.241795
1.79344
0
0
1.6209
1.34508
0
1.6209
0
0
1.79344
0
2.96597
0
0
0
0
1.79344
0.241795
0
0
0
0.345077
0
2.6209
1.89672
0
1.34508
0
3.06926
0
1.2418
0
3.34508
2.51762
2.34508
0
3.96597
0
0.138513
0
0.0692565
0
0.517616
6.06926
0
0
0
2.34508
0
4.2418
3.2418
1.96597
0.138513
0.517616
0.793436
0
1.51762
0
0
0.896718
0.241795
1.69015
0
0.896718
1.06926
1.51762
1.06926
3.06926
3.89672
0
1.06926
0.345077
0
0
3.06926
0.965975
0.0692565
0
0
2.06926
0
1.6209
0.0692565
2.51762
0
0
1.17254
3.34508
0
0.0692565
1.2418
0.241795
0
3.6209
1.51762
2.89672
1.51762
1.51762
0
0
0
0.896718
0
0
3.17254
0
0
0.517616
2.79344
2.2418
0.620898
0
1.6209
0
3.51762
0.620898
0.690154
0
2.06926
1.79344
0.345077
0
0
1.34508
1.34508
0
4.6209
0
1.34508
0.414334
2.6209
2.17254
0.896718
2.44836
0.793436
0
5.06926
4.06926
0
1.51762
2.17254
2.34508
0
0.793436
0
2.79344
0
0
0
0
1.34508
0
0
0
0
0
0
0.172539
0
0.896718
0.620898
0.690154
0
0
0.448359
0.448359
0
0
0.620898
6.06926
0
0
0
0
0
4.17254
4.89672
1.34508
1.51762
0
0
1.89672
0.793436
0
1.79344
1.34508
1.06926
1.06926
0
0.896718
2.17254
0
1.6209
0
1.6209
0
1.17254
0
0
0
0
0
1.72418
0
0
0
2.89672
1.89672
0
0.0692565
2.34508
3.17254
0
0
4.89672
2
0
0
0
0.0692565
0.345077
0.620898
3.17254
4.06926
0.896718
0
0.620898
0.345077
0.345077
0.793436
3.44836
1.51762
0
2.2418
0
3.51762
0.172539
0
2.06926
0
0.896718
0
0.172539
0
0.241795
0
1.96597
0
1.34508
1.51762
1.17254
0
1.17254
0
0
3.17254
0.345077
1.34508
0.620898
0.620898
0.0692565
2.89672
1.6209
0
1.17254
0
3.17254
0.793436
1.17254
0.172539
2.89672
0.172539
0
0
0
1.79344
5.17254
0
0
1.89672
0.172539
0
0.172539
0
0
0.448359
3.89672
0
1.06926
1.34508
0.448359
0
1.34508
0.620898
1.6209
0
0
0
0
0.896718
0
1.17254
0
0
0.0692565
1.79344
1.6209
0
0.620898
0.620898
1.6209
0
0
1.34508
2.17254
0
0.620898
0
0
0
0
0
0.448359
0
0
0.620898
3.6209
1.17254
0
0.896718
0.345077
0
1.89672
0
2.17254
0
0
1.06926
1.6209
0
1.6209
0
0.620898
1.44836
0.896718
0
0
0
1.06926
0
0
0
1.17254
0.620898
0
0
0.620898
2.06926
0
0
0
0.172539
0.172539
1.72418
0
0
0.896718
1.89672
0
0
2.6209
0.345077
0.896718
0
0.620898
0.0692565
2.34508
0
0.241795
0.896718
0
0.0692565
1.6209
0.448359
0
0
1.44836
0.620898
0
2.17254
2.17254
1.44836
0
0.172539
0
0
0.345077
0.345077
1.34508
3.89672
0
1.34508
0
1.34508
0.896718
0
0.345077
0.448359
0.620898
0
0.965975
0.172539
0
3.17254
0
0
0
0
0.448359
3.6209
0
1.17254
0
2.17254
0.620898
0
1.89672
1.44836
0
0
0.172539
0
2.17254
2.72418
0
0.172539
0
0
0
0
0
0.896718
0.620898
0
0.448359
0
0
0
0
0
0.896718
0
0
0
3.44836
0
0
0.345077
0
0
0
0
0
0.620898
0
0
0.620898
0
0
0.448359
1.17254
0
1.6209
0
0.896718
0
1.34508
0
0
0
0
2.44836
0
0
0
1.72418
0
1.44836
0.172539
0
0
0.172539
0.172539
0
1.17254
0
0
0
0
0.896718
0.172539
0
0.896718
0
0.172539
0
2.6209
0
0
3.17254
0
0
0.172539
0
0.793436
1.34508
0
0
0.448359
2.17254
0.0692565
0
0
0.448359
0
2.44836
0.345077
0.345077
0
0.896718
1.34508
0
0
0
0.172539
1.44836
0
0
0
2
0.172539
1.34508
0
3.17254
2.72418
0
0
0
0
0
0
0
1.44836
0
0
0
0.0692565
2.6209
0.172539
0
0.896718
0.620898
0
1.17254
0.896718
0
0
2.72418
0.896718
0
0.620898
0
0.896718
0
1
0.72418
0
0
0
0
1.06926
5.17254
0
2.34508
0
0.620898
0
0
0
0.896718
1.6209
0
2.89672
0.172539
0.72418
0
0
0.896718
0
0.72418
0
3.89672
0
0.345077
1.34508
0
0.241795
0
1.06926
1.44836
0.172539
0
2.17254
0
2.44836
0
0.620898
2.44836
0
0.896718
1.6209
2.34508
0
0
0
2.17254
0
0
0.345077
0
0
0.345077
4.89672
0.896718
0.345077
1.44836
0
0
0.448359
0
0
0
0
0.172539
0
0
0.172539
0
0
1.34508
1.89672
1.89672
0.172539
1.89672
0
1.17254
0
0.448359
3.17254
0
0.172539
0
0.896718
0.345077
0
1.17254
0
0
0.896718
0.0692565
1.17254
1.34508
0
0.0692565
0
0.345077
0.72418
1.44836
0.448359
0
0.620898
0.448359
0.345077
0.896718
0
1.34508
0
2.06926
0
0
1.89672
3.89672
0
0
0.0692565
0
1.17254
0
0
4.89672
1.17254
0
0
0.793436
0.448359
1.6209
0
3.06926
3.34508
1.44836
0.345077
0
0
0
0.620898
1.6209
0.172539
0
0
0
0
2.44836
2.44836
1
0
0
0
0.345077
2.17254
0.345077
2.17254
0
0
1.17254
0.620898
0
0.172539
0
0
0
0
0.896718
0
0
0
0
0
1.17254
0
0.72418
0
0
0
0
0
0
0
0
0.620898
0
0
0
0.620898
0
1.17254
0
0
0.448359
0
0
0.72418
0
0
0
0
0
1.06926
0
0
0
0
0.896718
0
0
2.79344
2.17254
0
0
0
0
0
0
0
0
0
0.448359
0
0.448359
2.6209
0.448359
0
0.448359
0.172539
0
1.34508
0
0
0
0
0.0692565
0
0
0.172539
0
0
0
0
2.72418
1.6209
1.17254
0
1.17254
0.0692565
0
0
0.620898
0
0.896718
0
0
0.448359
0
0.448359
0.896718
0
0
0
0.620898
1.17254
0
1.6209
0
0.0692565
0
2
0.172539
0
0
0.172539
0.172539
0
0.172539
1.89672
0.172539
0
0.896718
0
0
0
0.172539
0
0.896718
2.44836
3.89672
0
1.44836
1.44836
0
0
0.896718
0
0.896718
0
0.896718
0
0.172539
0
1.44836
0
0
0
0
0
1.44836
0
0.72418
0.448359
0.620898
1.44836
0
0.448359
0
0
0
0
0
1.17254
1
1.17254
0
0
0.0692565
0.72418
0.72418
0
0
0.448359
1.44836
0.72418
0
0
0
0.172539
3.44836
0.72418
0
0
1.44836
0
0
1.6209
0
0.345077
0
0
0.172539
0
1.44836
0.172539
0
2.44836
2
0
0
0
0.172539
0
1.44836
0.896718
0.896718
0
0.172539
0.896718
0.345077
0.172539
0.172539
0
2.6209
2.17254
0
0
2.17254
0
0.72418
0
0.172539
0
0
0
0
0
0.72418
1.72418
0
0.448359
0.72418
0
0.72418
0
1.6209
2.89672
0
0
0
2.17254
0.172539
0
0
0.72418
0
0
0
0
0
0
1.44836
0
0
1.44836
0
0.172539
0.172539
0
0
0
0
0.345077
0.448359
0.172539
0
0.172539
2
0.72418
1
1.44836
1.17254
0.72418
0
0.172539
0
0
0.72418
2.17254
0
0.896718
0
0
0
0
0.448359
4.17254
0
0
0
3.44836
0
0
0
0.72418
0
0
0.345077
0
0.896718
0.172539
0
0.72418
0
0.72418
0
0.172539
0.896718
0.448359
0
0
0
0
0
0
0
0.72418
0
0.172539
0.172539
2.17254
1.17254
0.72418
0
0
0.896718
0
0
0.172539
0
0
1.17254
0
1.72418
2.44836
1.72418
0
0
0
1.89672
0.172539
0.345077
1.17254
0
1.44836
0
0.72418
0.448359
0
1.17254
1.72418
0.448359
0
3.6209
0.896718
0
0.172539
0.896718
0.345077
0
0.896718
0.448359
0.448359
0
1.44836
0.896718
0
0.172539
1.44836
0
1.44836
3
0.896718
0
0
0
0
1.44836
1.89672
2.17254
2.17254
2
0.72418
0.72418
0.345077
0.448359
0
3.44836
2.72418
0.72418
0
0.172539
1.72418
0.72418
0.72418
0
0
2
0
2.17254
0
0
0.72418
1.44836
0.172539
2.17254
0
0.72418
1.17254
2.17254
1.17254
3.44836
0.448359
3.17254
1.72418
0
0
2.44836
1.17254
2
0.172539
1.44836
0
2.44836
1.06926
0
1.44836
0.72418
0
0
1.72418
0.172539
0.448359
2.17254
3.72418
0.448359
1.17254
0.72418
0
0.172539
2.89672
0
1.17254
1.44836
1.17254
0.896718
0.345077
2.44836
2.44836
5.89672
4.17254
5.17254
3
0
2.17254
2.72418
1.44836
3.72418
2.44836
4
0.72418
2
0.896718
1.72418
3.72418
3.17254
2.89672
0.172539
4
1.17254
0.0692565
0.448359
2.17254
0.72418
3.72418
1.72418
1.44836
1.17254
2.6209
2.72418
3.89672
0.448359
0.172539
3
1.44836
0
3.17254
0.172539
1.72418
4.44836
0.448359
0
0.72418
2.34508
0.172539
5.72418
0.620898
2.44836
0.172539
1
2.06926
2.17254
0.448359
2.72418
7
0
1.17254
3.44836
1.72418
4.44836
0
0
0.448359
3.72418
3.17254
1.44836
2.44836
1
2.17254
1.72418
5.44836
3.17254
0
1.89672
1.44836
0.448359
2.72418
4.17254
2.6209
0.448359
0.620898
1.44836
1.72418
0
0
0
0.448359
3.44836
1.44836
2.44836
2.72418
0.72418
1.44836
1.72418
1.44836
0.448359
1.44836
1.44836
0
1.72418
0.448359
0
0
0.72418
0
0
0
3
0
0
2.17254
0.72418
1.44836
2.72418
0.448359
0
0
1.72418
0
1.44836
0
0.448359
0.72418
1.44836
0.72418
0
1.72418
1.72418
1
1.17254
0
0.448359
0
2
0.72418
1.44836
0.448359
0.72418
1.72418
0.72418
0
0.448359
0
0
0.448359
1.72418
0
2.72418
0.172539
0
0
1
0
0.72418
0.448359
0
0
1.72418
0
0
1
1.72418
0
3.72418
0
2.72418
0
0
1.72418
0
0
2
0
2
2.44836
1
0.448359
0.448359
0
0
1.72418
0.448359
0.448359
1.17254
0
0
2.72418
0
0
0.448359
2.44836
0
0
1.17254
0
0
0
0
1
0
1.72418
0
0
0
0
0
0
0
1.44836
0
0.72418
0
0.172539
1.44836
0
0
0
1.72418
1
0
0.448359
0.896718
0
0
0
0
0
0
0
0
0.72418
0
0
0.448359
0.72418
0
0.72418
0
0
0
0
0
0
0
2
0
1.44836
0.172539
0
0
0.72418
1
1.72418
2
1.72418
0.172539
0.72418
1.44836
0
0.448359
0.72418
0.72418
0
0.72418
0
0.448359
0
0
0
0
0
1
0
0.448359
0.448359
0
0.72418
0
0
0.72418
0
1.44836
0
0.448359
0
0
0
0
0
0
0.172539
1
0
0
0
0
0
0
0
0
0
0
1
0
0.72418
1
0
0
0.448359
2.44836
2
1
0
0.72418
0
0
0.72418
0
0
1
0
0
0
0
0
0.72418
1.72418
0.72418
0
0.448359
0
0
0
1.72418
0
0.72418
0
0
0
0.172539
0.448359
0.448359
0
0.72418
2.72418
0
0
0
0
1.17254
0
0
0
2.44836
0
0.172539
0.172539
0
2.44836
0.72418
1
0
0
2.17254
0
0
0
0
0
0.448359
0
0.72418
0
0
0
0
0
0
0
0.72418
0
1.17254
1.44836
1
1
0.72418
0
0
0
0.72418
1
0.172539
0.448359
1.72418
0
0
0.448359
0.72418
0.172539
0.72418
1
0.72418
0
0
0
1.44836
0
0
0.72418
0
0
0.72418
0.72418
0
0
0
1
0
0
0
2
0
0
0
0
0.72418
0
0
0.72418
0
0
0
0
1.44836
0
1.72418
0
0
0.72418
0
0
0
1.72418
0
0.72418
0.72418
0
0.172539
0
0
0
0
0
0
0
0
0
1
0
0
0
1
0
0.72418
0.72418
0
0.448359
0
0.448359
1.72418
0
0
0
0.448359
0
0
0
0.72418
0
0
0
0
0.172539
0
0
0
0
0
0
0
0
0
0.72418
1
0.72418
0
0.72418
0
0
0
0
0
0
0
0
0
0
0
0
0
0
0.72418
0
0
0.448359
0
0
0
0
0
0
0
0
0
0
0
0
1
0
0
0
0
0
0.72418
0
0
0
0
0.72418
0
0
0
0.448359
0.448359
0
0
0
1.72418
0.448359
0.448359
0
0
0
0.448359
0
0
0.448359
0
0.72418
0
0
1
1
0.72418
0
0
0
0
0
0
0
0
0
0
1
0
1
2
0
0
0
0.72418
1
0.72418
0
0
0
0
0.448359
0
0
0
0
0.448359
0.448359
0.72418
0.448359
0
1
0
0.72418
0
0.72418
0
0
0.172539
0
1
0.72418
1.72418
0
0
1
0
0.72418
0
0
1
0
0
1.72418
0
0
0
1.44836
0
0
0
0
0.72418
1
1
0.72418
0
0
0
0
1
0
0
1.72418
0
0
0
0
0
0
0
0
0
0
0
0
0
0
0
0
0
0
0
0
0.72418
0
0
0
0
0
0
0
0.448359
0
0
0
0
0
1
0.448359
0
0
0.448359
0
0
0
0
2
0
1
0
1.72418
0
0
0
0
2
0
0.72418
0
0
0.172539
0.448359
1.44836
0
0
0
0
0.172539
0
0
0
0
0
0
0
1
0
0
0
0
0.72418
0
0.448359
0
0
0.448359
0
0
0
0.72418
0.448359
0
0
1
0
0.448359
0
0.448359
1
0
1
0
0
0
0.448359
0
0
0
0.448359
0
0
0
0
0
0
0.448359
0.448359
0
0.72418
0
0
0
0
0
1
0.72418
0
0
0
0
0
0.72418
0.72418
0
0
0
0
1
0
0
0
0
0
0
0
0
0.448359
0
0
0
1
0
0
0
0
0
0.448359
0
0
0
0
0
0
0
0.72418
0
0
0
1.44836
1.72418
0
0
0
0
1
0
0.172539
0
0
0
0
1
0
0
0
0
0
0
0
0
0
0
0
2
0
0
0
0
0
0.448359
0
0
0
0
0
0
0
0
0
0.72418
0
0
0.448359
0.72418
0
0.172539
0.72418
0
0
0
2
0.448359
0
0
1.44836
1
0.72418
0
0
0
0
0
0
0
0
0
0.172539
2.72418
0
0
0.72418
1
0
1.72418
0
1
0
0
0
0
1
0
0
1.44836
1
0
0
0
0
0
0.448359
0
0
0.72418
0
0
0
0
0.72418
0
0
0
0
0
0
0
0
0
0
0
0
0
0
0
0
0.72418
0
0.172539
0
0
0
1
0
0.448359
0
0
0
0
0.448359
0.72418
0.172539
0
0
0
0
0
0.72418
0
0.72418
0
1.72418
0
0.448359
1
0
0
0
0
0
0
0
0
0
0
0
0
0
0
0
0
0
0
0
0
0
0
0
0
0
1
0
0
0
0.72418
0
0.448359
0
0.448359
0
0
0
1
0
0
0
0
0
0
0
0
0
0
0
0.72418
0
0.72418
0
0
0.72418
0.72418
0
0
0
0
0
0
0
0.448359
0.172539
0
0
0
0
0
0.72418
1
0
0
0.72418
0
0
0
0
0
0.72418
0
0.172539
0
0.448359
0
0
0
0
1
0
0
0
0
1
0
0
0
0
0
0
2
0
0
0.448359
0.172539
0
0
0
0
0
0
0
0
0
0
1
1
0.72418
0
0
0
1
0
0
0
0.72418
0
0
0
0.72418
0
0
0
0
0
1
0
0
0
0
0
0.72418
2
0.448359
0
0
0
1
0
0
0
0
0.172539
0
0
0
1
0
1
0
0
0
0
0
0
1
0
0
0
1
0
0
0
0
0
0
1
0
0
0
0
0
1.72418
0
0
0
0
0
0
0
0
0
0
0
0
0
0
0
1
0
0
0
0
0
0
0
0
0
0
1
0
0
0
0
0
0.448359
0
0
0
0.72418
0
1
0
2
1
0
0
0
0
0
0
0
0
0.448359
0
0
0
0
0
0
1.72418
2
0
0.448359
0
0
0.72418
0
0
0
0
1.72418
0
1
0
0
0
0
0
0
0
0.448359
0
0
0
0
0.72418
0
0
0
0.448359
0
0
0
0
0
0
0
0.448359
0
0
0
0
0
0
0
0
0
0
0.448359
0
0
0
0
0.172539
0
0
0
0
0
0
1
0.72418
0
0
1
1.72418
0
2
1
0
1
0
1
1
0
0
0
0
0
0
0.172539
0
0
0
0
0
0
0
0
0
0
0
0
0
0
0
0
0
0
0
0
1
1
1
1
0
0
0
0
1
0
0
0
0
2
0
0
0
1
1
1
0
0
0
0
0
0
0
0
0
0
0
0
0
0
0
0
1
0
0
0
0
0
0
0
0
0
0
0
0
0
0
0
0
0
0
0
1
0
0
0
0
0
0
0
1
0
0
0
0
0
0
0
0.172539
0
0
0
0
0
0
0
0
0.72418
0
0
0
0
0
0
0
0
0
0
0
0
0
0
0
0
0
0
0
1.72418
0
0
0
0
0.448359
0
0
0
0
0
1
0
1
0
0
0
0
0
0
0
0
1
0.448359
0
0
0
0
0.448359
0.72418
0
0
0
0
0
0
0
0
0
0
0
0
0.72418
0
0.448359
0
0
0
1
0
0
0
0
0
0
0
0
0
0
0
0
0
0
0
0
1
0
0
0
0
0
0
0
0
0
0
0
0
0
0
0
1
0
0
0
0
0
0
0
0
0
0
0
0
0
0
0
0
0
0.72418
0
2
0
0
0
0
1
0
0
0
0
0
0
0
0
0
0
0
0.72418
0
0
0.448359
0
0
0
0
0
1
0
0
0
1
1
0
0
0
0
0
0
1
0
1
0
1
0
0
0
0
0
1
0
0
0.72418
0
0
0
0
0
0
0
0
0
0
0
0
0
0
0
0
0
0
0
0
1.72418
0
0
0
0.72418
0
0
0
0.72418
0
0
0
0
0
0.72418
0
1
0
0
0
0
0
0
0
0.72418
1
0
0
0
0
0
0
1
0
0
0
0
0
1
0
0
0
0
0
0
0
0.72418
0
0
0
0
0
0
0
1
0
1
0
0
0
0
0
0
1
0.172539
0
1
0
0
0
0
0
0
0
0
0
0
1
0
0
0
1
0
0
0
0
0
0
0
0
0
0
1
0
0.72418
0
0
0
0
0
0
0
0
0
0
0
1
0
0
0
0.448359
0
0
0
0
0
0
0
0
1
0.448359
1
0.72418
0
0
0
0
1.72418
0
0
0
0
0
0
0
0
0
0
0
0
0
0
0
0.72418
0
0.72418
0
0
0
0
0
1
0
0
0
0
0
0
0
0
0
0
0
0.72418
0
0
0
0
0
0
0
0
0
0
0
0
1
0
0
0
0
2
1
0
0
0
0
0
0
0
0
0
0
0
0
0
0
0
0
0
0
0.72418
0
0
0
0
0.72418
0
0
0
0
0
0
0
0
0.72418
0
0
0
0
0
0
0
0
0
0
0
0
0
0
0
0
0
2
0
0
0
0
0
1
0
0
0
0
1
0
0.72418
0
0
0.72418
0
1
0
0.448359
0
0
0.448359
1
0
0
0
1
0
0
0
0
0
2
0
0
0
0
0
1
0
0
1
0
1
0.72418
0
0
0
0
2
0
1.72418
0
0
1
0
0
0
0
0
0
0.72418
0
0
0
0
1
0
0
0
0
0
0
0
0
1
0
0
1
0
0
0
0
0
0
0
0
0
0
0
0
0.72418
0
0
0
0
0
1
0
0
0
0
0
0
0
0
0
0
0
0
0
0
0
0
0
1
0
0
1
0
0
0
0
0
0
0
0
0
0
0
0.448359
2
0
0
0
0
0.448359
0
0
0
1
0
0
0.448359
1
0
0
0
0
0
0
1
0
0
0
0
0
0
0
0
0
0
0
0
0
1
0
0
0
0
2
0
0
0
0
0
0
0
0.72418
0
0
0
0
0
0
0
0
0
0
0
0.72418
0
1
0
0
0
0
0
0
0
0
1
0
0
0.72418
0.448359
0
0
0
0
1
0
1
0
0
0
1
1
0
0
0
0
0
0
0
0
0
0
0
0
1
0
0
0
0
1
0
0
0
0
0
0
0
0
0
0
0
2
0
0
0
0
1
0
0
0
0
0
0.72418
0
0
0
0
1.44836
0
0
0
0
0
0
0
0
0
1
1
0
0
0
0
1
0
0.72418
0
0
0
0
0
0
0.72418
0
0
0
0
0
0
0
0
0
0
0
0
0
0
0
1
0
0
0
0.72418
0
0
0
1
0
0
0
0
0
1
0
0
0
0.72418
0
0
0
0
0
0
0.72418
0
0
0
0
0
1
0
0
0
0
0
0
0
0.72418
0
0
0
0
0
0
0
0
0
0
1
0
0
0
0
0
0
0
0
0
0
0
0
1
0
1
0
0
0
0
0
0
0
0
0
0.72418
1
0
0
0
0
0
0
0
0
0
0
0
0
0
0
0
0
0
0
0
1
0
1
0
0
0
0.448359
0
0
0
0
0
0
0
0
0
0
0
0
0
0
0
0
0
0
0
0
0
0
0
0
0
0
0
0
0
0
0
0
0
0
0
0
0
0
0
0
0
0
0
0
0
0
0
0
0
0
0
0
1
0.448359
0
0
0
0
1
0
0
0.72418
0
0
0
0
0
1.72418
0
1
0
0
0
0
0
0
0
0
1
0
1
0
0
0
0
0
0
0
0
0
0
0
0
0
0
0
0
0
0
0
0
0
0
2
0
0
1
0
0
0
0
0
0
0
0
0
0
0.448359
0
0.72418
0.72418
0
0
0
0
0
0
0
0
1
0
0
0
0
0
0
0
0
0
0
0
0
0
0
0
1
0
0
0
0
0
0
0
0
0.448359
0
0
0
0
0
0
0
0
0
0
0
0
0
0
0
0
0
0
0
0
0
0
0.448359
1
0
0
0
0
0
0
0
0
2
0
0
0.72418
0
0
0
0
0
0
0
0
0
0
0
0
0
0
0
0
0
0
0
0
0
0
0
0
0
0
0
0
0
0
0
0
0
0
0
1
0.448359
0
0
0
0
0
1
0
0
0
0
0
0
0
0
0
0
0
0
0
0
0.72418
0
0
0
0
0
0
0
0
0
0
1
0
0
0
0
0
0.448359
1
0
0
0
2
1
0
0
0
0
0
0
0
0
0.72418
0
0
0
0
0
1
0
0
0
0
0
0.72418
0
0
0
0
0
1
0
0
1
0
0
0
0
1
0
0.72418
0
0
1
0
1
0
1
0
0
0
1
0
0
0
0.72418
0
0
0
0
0
0
0
0
0
0
0
0
0
0.72418
0
0
0
0
0
0
0
0
0.72418
1
0
1.72418
0
0
0
1
0
0
0
0
1
0
0
0
1
0
1
0
1
1
0
0
0.448359
0
0
0.448359
0
0
0
0
0
0
0
1
0
0
0
0
1
0
0
0
0
0
0
0
0
0
0
0
0
0
0
0.72418
0
0
0
0
0
0
0
0
0
0.72418
0
1
0
0
0
0
0
0
0
1
0
0
0
0
0
0
0
0
0
0
0
1
0
0
0
0
0
0
0
0
0
0.72418
0
0
0
0
0
0
2
0
0
0
0
0
0
0
0
1
0
1
0
1
0
0
0
0
0
0
0
0
0
0
0
0
0
0
0
0
0
0
0
0
0
0
0
0
0
0
0
0
0
0
0.72418
0
0
0
1
0
0
0
0
0
0
0
0
0
0
0
0
1
0.448359
0
0
0
0
0
0
0
1
0
0
0
0
0
0
0
0
0
0
0
0
0
0
0
0
0
0
0
0
0
0
0
0
0
0
0
0
0
0
0
0
0
0
0
0
0
0
0
0
0
0
1
0
0
0
0
1
0
0
0
0
0.72418
0
0
0
1
0
0.72418
0
0
0
0
0
0
0
0
0
0
0
1
0
0
0
1
0
0
0
0
1
0
0
0
0
0
0
0
0
0
0
0
0
0
0
1
0
0
0
0
0
0
0
0
1
0
0
0
0
0
0
0
0
0
0
0
0
0
0
0
0
0
0
0
0
0
0
0
0
0
0
0
0
0
0
0
0
0
0
0
0
0
0
0
0
0.448359
0
0
0
0
0
0
0
0
0
0
0
0
0
0
0
0
0
0
1
0
0
0
0
0
0
0
0
0
0
0
0
0.72418
0
0
0
0
0
1
0
0
0
0
0
0
0
0
0
0
0.72418
0
0
0
0
0
1
0
0
0
0
0
0
0
0
0
0
0
0
0
0
0
0
0
0
0
0
0
0
0
0.72418
0
0
0
0
0
0
0
0
0
0
1
0
0
0
1
0
0
0
0
0
0
0
0
0
0
0
0
0
0
0
1
0
0
0
0
0
0
0
0
0
0
0
0
0
0
0
0
0
0
0
0
0
0
0
0
0
0
0
0
0
0.72418
0
2
0
0
0
0
1
0
0
0
0
0
0
0.72418
0
0
0
0
0
0
0
0
0
0
0
0
0
0
0.72418
0
0.72418
0
0
0
0
1
0
0
0
0
0
0
0
0
0
0
0
0
0
1
0
2
0
0
0
0.72418
0
0
0
0
0
0
0
1
0
0
0
0
0
0
0
0
0
0
1.72418
0
0
0
0.72418
0
1
0
0
0
0
0
0
0
0
0
0
0
0
0
0
0
0
0
0
0
0
0
0
0.72418
0
0
0
1
0
0
0
0
0
0
0
0
0
0
0
1
0
0
0
1
0
0
0
0
0
0
0
0
0
0
0
0
1
0
0
0
0
0
0
0
0
0
0
0
0
0
0
0
0
0
0
0
0
0
0
0.72418
0
0
0
0
0
0
0
0
0.72418
1
0
0
0
0
0
0
0
0
0
0
0
0
0
0
0
0
0
0
0
0
0
0
0
0
0
0
0
0
0
0
0
0
0
1
0
0
0
0
0
0
0
0
0
0.72418
0
0
0
0
0
0
1
0
0
0
0
0
0
1
0
0
0
1
0
1
1.72418
0
0
0
0
0
0
0
0
0
0
1
0
0
0
0
0
0.72418
0
0
0
0
0
0
0
0
1
0
0
0
0
1
0
0
1
0
0
0
0
0
0
0
0
0
0
0
0
0
0
0
0
0
0
0
0
0
0
0
0
0
0
0
0
0
0
0
0
0
0
0
0.72418
0
0
0
1
0
0
0
0
0
0
0
0
0
0
0
0
0
0
0
0
0
0
0
0
0
0
0
0
0
0
0
0
0
0
0
0
0
0
0
0
0
0
0
0
0.72418
0
0
0
0
0
0
0
0
0
0
0
0
0
0
1
0
0
0
1
0
0
0
0
0
0
1
0
0
0
0
0
0
0
0
0
0
0
0
1
0
0
0
0
0.448359
0
1
0
0
0
0
0
1
0
0
1
0
0
0
0
0
0
0
0
0
0
0
0
0
0
0
0
0
0
0
0
0
0
0
0
0
0
0
0
0
0
0
0
0
0
0
0
0
0
0
0
0
0
0
0
0
0
1
0
0
0
0
0
0
0
1
0
0
1
0
0
0
0
0
0
0
0
0
0
0
0
0
0
0
0
0
0
0
0
0
0
0
0
0
0
0
0
1
0
0
0
0
0
0
0
0
0
0
1
0
0
0
0
0
0
0
0
0
0
0
0
0
0
0
0
0
1
0
0
0
0
0
0
0
0
0
0
0
0
0
0
0
0
0
0
0
0
0
0
1
0
0
0
0
0
0
0
0
0
1
1
1
0
0
0
0
0
0
0
0
0
0
0
0
0
0
0
0
0
0
0
0
0
1
0
0
0
0.72418
0
0
0
0
0
0
0.72418
0.72418
0
0
0
0
1
0
0
0
0
0
0
0.72418
0
0
0
0
0
0
0
0
0
0
0
0
0
0
0
0
0
0
0
0
0
0
0
0
0
0
0
0
0
0
1
0
0
0
0
0
0
0
0
0
0
0
0
0
0
0
0
0
0
0
0
0
0
0
1
0
0
0
0
0
0
0
0
0
0
0
0
0
0
0
0
0
0
0
0
1
0
0
0
0
1
1
0
0
0
0
1
0
0
0
1
1
0
0
0
0
0
0
0
0
0
1
0
0
0
0
0
0
0
0
0
0
0
0
0
0
0
0
0
1
0
0
0
0
0
0
0
0
0
0
0
0
1
0
0
0
0
0
0
0
0
0
0
0
0
0
0
0
0
0
0
0
0
0
0
0
0
0
0
0
0
0
0
0
0
0.72418
0
0
0
0
0
0
0
0
0
0
0
0
0
0
0
0
0
0
0
0
0
0
0
0
0
0
0
0
0
0
0
0
0
0
0
0
0
0
0
0
0
0
0
0
0
0
0
0
1
0.72418
0
0
0
0
1
0
0
0
0
1
0
0
0
0
0
0
0
1
0
0
0
0
0
0
0
0
0
0
0
1
0
0
0
0
0
0
0
0
0
0
0
0
0
0
0
0
0
0
0
0
0
0
0
0
0
0
0
0
0
0.72418
0
0
0
0
0
0
0
0
0
1
0
0
0
0
0
0.448359
0
0
0
0
0
0
0
0
0
0
0
0
0
0
0
0
0
0
0
0
0
0
0
0
0
0
0
1
1
0
0
0
0
0
0
0
1
1
0
0
0
0
0
0
0
0
0
0
0
0
0
0
0
0
0
0
0
0
0
0
1
0
0
1
0
0
0
0
0
0
0
0
0
1
0
0
0
0
0
0
0
0
0
0
0
1
0
0
0
0
0
0
0
0
0
0
0
0
0
0
1
0
0
0
0
0
0
0
0
0
0
0
0
0
0
0
0
0
0
0
0
0
0
0
0
0
0
0
0
0
0
0
0
0
0
0
0
0
0
0
0
0
0
0
0
0
0
0
0
0
0
0
0
1
0
0
0
0
1
0
0
0
0
0
0
0
0
0
0
0
0
0
0
0
0
0
0
0
0
0
1
0
0
0
0
0.72418
0
0
1
0
0
0
0
0
0
0
0
0
0
0
0
0
0
0
0
0
0
0
0
0
0
0
0
0
0
0.72418
0
0
0
0
0
0
0
0
0
0
0
0
0
0
0
0
0
0
0
0
0
0
0
0
0
0
1
0
0
0
0
0
0
0
0
0
0
0
0
0
0
0
0
0
0
0
0
0
0
0
0
0
0
0
0
0.448359
0
0
0
0
0
1
0
0
0
0
0
0
1
0
0
0.448359
0
1
0
0
0
0
0
0
0
0
0
0
0
0
0
0
0
0
0
0
0
0
0
0
0
0
0
0
0
0
0
1
0
0
0
0
0
0
0
0
0
0
0
0
0.72418
0
0
0
0
0
0
0
0
0
0
0
0
0
0
0
0
1
0
1
0
0
0
0
0
0
0
0
0
0
0
0
0
1
0
0
0
0
0
0
0
0
0
0.448359
0
0
0
0
0
0
0
0
0
0
0
0
0
0
0
0
0
0
0
0
0
0
0
0
0
0
0
0
0
0
0
0
0
0
0
0
0
0
0
0
0
0
0
0
0
0
0
0
0
0
0
0
0
0
0
0
0
0
0
0
0
0
0
0
0
0
0.72418
0
0
0
0
0
0
0
0
0
0
0
0
0
0
0
1
0
0
0
0
0
0
0
0
0
1
0
0
0
0
0
0
0
0
0
0
0
0
0
0
0
0
0
0
0
0
0
0
0
0
0
0
0
0
0
0
0
0.72418
0.448359
0
0
0
0
0
0
0
0
0
0
0
0
0
1
0
0
0
0
0
0
0
0
0
0
0
0
0
0
2
0
0
0
0
0
0.448359
0
0
0
0
0
0
1
0
0
0
0
0
1
0
0
0
0
0
0
0
1
0
0
0
0
1
1
0
0
0.72418
0
0
0
0
0
0
0
0
0
0
0
0
0
0
0
0
0
0
0
0
0
0
0.448359
0
0
0
0
0
0
0
0
0
0
0
0
0
1.72418
0
0
1
0
0
0
0
0
0
0
0
0
0
0
0.72418
0
0
0
0
1
0
1
1.44836
0
0
0
0
1
0
0
0
0
0
0
0
0
0
0.448359
0
0
0
0.72418
0
0
0
0
0
0
1
0
0
0
0
0
1
0
0
0
0
0
0
0
0
0
0
1
0
0
0
0.72418
0
0.72418
0
0
0
0
0
0
0
0
0
0
0
0
0
1.72418
0
0
0
0
0
0.72418
0
0
0
0
1
0
0
0
0
1
0
0
0
0
0
0
0
0
1
0.72418
0
0
0
0
0
0
0
0
1
0
1
0
0
0
0
1
0
0
0
0
0
0
0
0
0
0
0
1
0
1
0
0
1
0
1
0
0
0
0
0
0
0
0
0
0
0
1
0
0
0
0
0
0
0
0
0
0
0
0
0
0
0
0
0
0
0
0
0
0
0
0
0
0
0
0
0
0
1
0
0
0
0
0
0
0
0
0
0
0
0
0
0
0
0
0
0
0
0
0
0
0
0
0
0
0
1
0
0
0
0
0
0
0
0
0
0
0
0
0
0.72418
0
0
0
0
0
0
0
0
0
0
0
0
0
0
0
0
0
0
0
0
0
0
0
0
0
0
0
0
0
0
0
0
0
0
0
0
0
0
0
0
0
0
0
0
0
0
0
0
0
0
0
0
0
0
0
0
0
0
0
0
0
0
0
0
0
0
0
0
0
0
0
0
0
0
0
0
0
0
0
0
0
0
0
0
0
0
0
0
0
0
0
0
0
0
0
1
0
0
0
0
0
0
0
0
0
0
0
0
0
0
0
0
0
0
0
0
0
0
0
0
0
0
0
0
0
0
0
0
0
0
0
0
0
0
0
0
0
0
0
0
0
0
0
0
0
0
0
0.448359
0
0
0
0
0
0
0
0
0
0
0
0
0
0
0
0
0
0
0
0
0
0
0
0
0
0
0
0
0
0
0
0
0
0
0
0
0
0
0
0
0
0
0
0
0
0
0
0
0
1
0
0
0
0
0
0
0
0
0
0
0
0
0
0
0
0
0
0
0.72418
0
0
0
0
0
0
0
0
0
0
0
0
0
0
0
0
0
0
0
0
0
0
0
0
0
0
0
0
0
0
0
0
0
0
0
0
0
0
0
0
0
0
0
0
0
1
0
0
0
0
0
0
0
0
0
0
0
0
0
0
0
0
0
0
0
0
0
0
1
0
0
0
0
0
0
0
0
0
0
0
0
0
0
0
0
0
0
0
0
0
0
0
0
0
0
0
0
0
0
0
0
0
0
0
0
0
0
0
0
0
0
0
0
0
0
0
0
0
0
0
0
0
0
0
0
0
0
0
0
0
1
0
0
0
0
0
0
0
0
0
0
0
0
0
0
0
0
0
0
0
0
0
0
0
0
0
0
0
0
0
0
0
0
0
0
0
0
0
0
0
0
0
0
0
0
0
0
0
0
0
0
0
0
0
0
0
0
0.72418
0
0
0
0
0
0
0
0
0
0
0
0
0
0
0
0
0
0
0
0
0
0
0
0
0
0
0
0
0
0
0
0
0
0
0
0
0
0
0
0
0
0
0
0
0
0
1
0
0
0
0
0
0
0
0
0
0
0
0
0
0
0
0
0
0
0
0
0
0
0
0
1
0
0
0
0
0
0
0
0
0
0
0
0
0
0
0
0
0
0
0
0
0
0
0
0
0
0
0
0
0
0
0
0
0
0
0
0
0
0
0
0
0
0
0
0
0
0
0
0
0
0
0
0
0
0
0
0
0
0
0
0
0
0
0
0
0
0
0
0
0
0
0
0
0
0
0
0
0
0
0
0
0
0
0
0
0
0
0
0
0
0
0
0
0
0
0
1
0
0
0
0
0
0
0
0
0
0
0
0
0
0
1
0
0
1
0
0
0
0
0
0
0
0
0
0
0
0
0
0
0
0
0
0
0
0
0
0
0
0
0
0
0
0
0
0
0
0
0
1
0
0
0
0
0
0
0
0
0
0
0
0
0
0
0
0
0
0
0
0
0
0
0
0
0
0
0
0
0
0
0
0
0
0
0
0
0
0
0
0
0
0
0
0
0
0
0
0
0
0
0
0
0.72418
0
0
0
0
0
0
0
0
0
0
0
0
0
0
0
0
0
0
0
0
0
0
0
0
0
0
0
0
0
0
0
0
0
0
0
0
0
0.72418
0
0
0
0
0
0
0
0
0
0
1
0
0
0.72418
0
1
0
0
0
0
0
0
1
0
0
0
0
0
0
0.72418
0.72418
0
0
1
0
2
0
0
0
0
1
0
0
0
0
0
0
0.72418
0
1.44836
0
0
0
0
0
0
0
0
1
0
0
0
0
0
0
1
0
0
1
0
0
0
0
0
1
0
0
0
0
0
1
0
0
0
0
0
0
0
0
1
0
0
0
0
0
0
0
0
0
0
0
0
0
0
0
0
0
0
0
0.72418
0
1
0
0
0
0
0
0
0
0
0
0
0
0
0
0
1
1
0
0
0.72418
0
0
0
0
0
0.72418
0
0
0
0
0
0
0.448359
0
0
0
0
0
0
0
0.72418
0
0
0
0
0
0
0
0
0
0
0
1
0
0
0
1
0
0
0
0
0
0
0
0
0
0
0
0
0
0
0
0
0
0
0
0
0
0
0
0
0
0
0
0
0
0
0
0
0
0
0
0
0
0
0
0
0
0
0
0
0
0
0
0
0
0
0
0
0
0
0
0
0
0
0
0
0
0
0
0
0
0
0
0
0
0
0
0
0
