0
0
0
0
0
0
0
0
-2.46309
-0.648332
1.35637
-0.828867
1.90268
1.17113
-4.74095
0.0785136
-1.28256
-4.0141
-2.46309
1.62482
3.62952
-1.19464
-3.92149
1.62952
-0.463094
1.71744
-3.73625
-1.74095
-0.189939
-0.282558
-2.19464
0.0832152
3.89798
1.17583
-2.37518
2.62482
-1.46309
-3.0094
2.08322
3.35637
-6.0141
2.08322
2.08322
1.26375
-1.28256
7.44429
1.81006
0.35637
-1.64833
-7.28726
-4.64833
3.81006
-1.55571
2.89798
2.81006
-4.37518
-0.00940323
0.171133
-2.10202
-1.28256
2.9906
-0.102022
0.717442
-6.10202
-3.91678
-2.82887
-1.10202
-1.64833
-0.828867
-2.0094
-1.55571
2.81006
-1.55571
-1.46309
0.35637
2.53691
-1.37048
1.44429
2.62482
-3.4678
-2.73625
-2.91678
-0.828867
2.71744
0.990597
3.81006
-3.92149
-1.19464
-0.828867
3.17583
2.44899
1.71744
1.26845
-2.82417
1.08322
-1.73625
5.17583
4.26845
4.53691
-0.189939
-1.18994
-4.28256
5.44899
-1.82887
-1.28256
1.17113
1.9906
-1.55571
1.26845
4.08322
-4.92149
-4.28726
3.90268
-0.916785
-2.64363
1.53691
0.536906
-0.828867
-0.00940323
-4.55571
3.08322
-0.0973206
-0.0973206
0.629525
2.17583
-4.0094
-0.648332
5.44899
1.9906
2.71744
0.536906
2.90268
-3.0141
-2.92149
-1.82887
0.536906
-0.00940323
0.990597
-0.00940323
-2.46309
0.263751
3.71744
-2.64833
5.17583
2.08322
2.08322
-1.82887
-0.0973206
-3.64833
2.08322
-0.282558
-2.28256
-2.0094
0.35637
0.717442
2.90268
0.990597
3.72214
-1.0094
2.44429
-0.64363
3.26375
-3.55571
-1.37518
7.17583
-3.91678
0.810061
2.35167
-0.194641
4.72214
0.990597
-0.463094
-1.82887
-1.73625
4.35637
-1.55571
-0.555713
-3.0094
0.810061
-0.282558
-1.0094
0.717442
0.444287
3.53691
5.44899
4.81006
3.62952
-2.46309
4.17583
5.81006
-1.0094
-3.28256
-1.37048
0.722144
3.62952
-3.10202
-0.370475
-3.0094
0.536906
-2.82887
-1.19464
-3.28256
3.90268
-5.55571
-3.28256
1.17113
1.62952
5.35637
-1.46309
2.62952
-0.185238
-1.73625
2.17583
-1.92149
-0.736249
-5.92149
2.44429
1.26375
-4.92149
-2.64363
-2.28256
0.536906
-1.28256
1.81006
2.81006
-2.18994
-0.463094
4.44899
-1.55571
-3.28256
-1.10202
2.17583
0.0832152
-4.92149
-0.370475
3.62952
-2.0094
-5.92149
1.62952
-0.189939
1.90268
-2.64363
2.44429
1.35637
-0.64363
0.536906
-4.37518
-2.28256
1.44429
-3.82887
-0.736249
1.9953
1.71744
-3.0094
-3.18994
-0.189939
0.990597
2.80536
4.08322
-1.55571
3.89798
3.62952
-3.73625
3.08322
-1.09732
1.90268
-2.82887
6.26375
5.26375
4.08322
1.07851
-2.73625
-1.37048
-1.46309
5.90268
-4.0094
-1.37048
3.9953
2.81006
-1.55571
-5.55571
-3.28256
-0.370475
0.810061
-3.82887
2.44899
1.08322
0.263751
1.90268
-3.28256
6.62952
0.722144
1.17583
0.35637
1.71744
2.17583
-0.463094
-2.73625
-0.00940323
-1.0094
-0.551011
-2.46309
1.17583
-6.64833
2.35637
4.26845
2.81006
-0.64363
-0.828867
0.35637
-1.09732
0.175834
0.902679
2.9953
-0.189939
-0.463094
1.9953
-1.37048
-0.00940323
3.81006
4.9953
-1.37518
0.448989
-1.0094
-0.64363
3.44899
-4.10202
-2.18994
0.448989
5.81476
-2.28256
-0.189939
-3.55571
2.62952
-2.46309
4.90268
1.81476
2.17583
4.9953
0.536906
5.17583
-0.370475
-0.00470161
0.629525
2.17583
9.17583
-1.46309
-4.18994
-2.18994
4.08322
-0.0973206
-3.09732
-1.37048
3.53691
-2.92149
-0.282558
-0.370475
-1.91678
-1.28256
-3.09732
-1.55571
-1.46309
-2.46309
2.08322
2.9953
0.536906
-0.916785
-2.91678
-5.37518
-4.18994
1.44899
0.263751
2.9953
-6.10202
6.35637
-2.46309
-3.0094
-2.55571
-0.0973206
-1.18994
4.26845
3.44899
0.629525
-2.0094
0.995298
1.17583
0.629525
2.17583
1.90268
-4.0094
-0.0973206
2.71744
2.54161
-3.55571
-3.82887
-0.00940323
0.0832152
1.62952
-0.0973206
0.263751
-0.916785
0.995298
0.175834
0.444287
0.175834
-2.28256
0.995298
-3.46309
3.44899
-1.73155
-1.55571
-0.0973206
0.263751
-2.10202
2.54161
-2.91678
0.175834
-3.46309
-0.824166
-4.09732
0.722144
-1.55101
0.175834
-3.73625
1.26845
1.44899
-3.0094
-3.18994
-2.18994
-2.18994
-1.64363
1.17583
1.72214
-3.73625
2.54161
-1.0047
-2.46309
-0.64363
0.175834
-0.64363
0.629525
3.9906
-1.73625
0.35637
-2.37518
0.629525
6.26845
3.72214
1.35637
-0.277856
-1.0047
-0.824166
2.9953
-1.37048
0.814762
-3.27786
2.44899
-2.18994
-2.09732
0.263751
-1.37048
-1.64363
2.35637
0.536906
1.53691
3.35637
4.54161
3.17583
0.35637
-0.277856
-1.73625
2.35637
2.26375
-0.0973206
-1.55101
0.810061
-0.00470161
-3.09732
0.175834
1.17583
-2.55101
0.0832152
-3.91678
-0.555713
0.35637
1.26375
-1.18994
-0.00940323
0.175834
0.722144
7.72214
2.62952
1.9953
-3.28256
1.08322
-0.551011
-5.10202
2.17583
0.902679
-1.18994
-3.46309
1.08322
3.35637
-0.736249
1.08322
1.72214
-1.91678
-0.551011
0.810061
-0.916785
-1.91678
-3.18994
0.629525
1.54161
3.08322
-0.828867
3.62952
-0.370475
5.62952
-2.18994
2.53691
5.44899
-3.73625
5.26845
5.44899
-2.46309
1.9953
2.9906
-1.55571
-2.28256
3.17583
-1.82417
-4.28256
-0.185238
-2.73625
1.72214
1.62952
1.44899
-1.46309
3.9953
-1.27786
-1.0094
-2.37048
2.44899
-0.370475
-1.09732
4.08322
-1.28256
2.44899
-0.916785
1.62952
0.361072
-2.73625
-3.27786
-1.82887
-0.189939
0.629525
-1.64363
-0.731547
-0.370475
1.26845
-3.73625
-1.46309
0.35637
-1.37048
-2.37048
1.44899
-1.0094
-0.189939
1.44899
-2.64363
-3.09732
0.0832152
1.26845
-1.37048
3.72214
-0.370475
-1.09732
-0.0973206
-2.37048
1.44899
1.72214
-1.0047
1.35637
0.902679
1.54161
-0.370475
-1.91678
2.90268
-2.28256
-2.46309
0.629525
-3.09732
0.448989
2.17583
-4.64363
1.08322
-2.91678
2.44899
-0.551011
0.0832152
-1.55101
0.722144
1.08322
-2.55101
-3.09732
0.902679
-0.185238
-1.45839
2.90268
-0.00470161
-2.18524
-2.82417
3.81476
-1.64363
0.536906
3.72214
-1.91678
-2.09732
-1.27786
-0.731547
-3.09732
-2.09732
0.629525
-2.55101
-1.37048
-1.64363
2.54161
-0.824166
-3.27786
3.54161
-2.37048
1.81476
2.17583
-0.0973206
-0.916785
-1.09732
2.54161
-3.64363
-2.64363
-3.09732
1.81476
-1.37048
-0.0973206
-0.824166
-0.277856
-2.18524
-2.27786
-2.73155
0.722144
-1.64363
-1.55101
-2.82417
-0.912083
-0.551011
2.9953
-1.27786
-2.0047
-2.37048
-0.458392
-3.18994
-2.09732
1.08792
-0.731547
0.268453
-2.37048
-1.55101
-3.55101
-1.0047
-0.277856
-0.551011
-2.55101
0.722144
-0.64363
-3.27786
1.9953
-0.64363
0.448989
0.268453
-0.458392
-1.45839
0.722144
2.44899
1.81476
0.268453
-0.916785
1.72214
0.722144
-0.731547
1.36107
-1.55101
-1.91208
-0.638928
2.54161
1.36107
2.08322
-1.55101
1.62952
-0.277856
0.722144
-0.551011
-3.82417
4.81476
-0.638928
5.08792
1.54161
2.63423
-0.458392
2.54161
-2.27786
-2.82417
-1.27786
1.72214
-2.27786
-2.18994
2.81476
0.0879171
1.9953
1.81476
-1.0047
-1.55101
0.902679
-2.0047
-0.458392
0.0879171
-0.551011
-1.91208
-0.185238
0.361072
0.814762
-0.638928
-2.18524
-2.37048
0.361072
-1.18524
1.44899
-1.27786
-0.824166
-1.55101
-0.638928
-2.27786
-3.09732
0.995298
-0.00470161
-3.27786
-0.731547
-1.45839
0.0879171
-0.458392
-1.36577
-0.824166
0.907381
0.268453
1.81476
0.814762
1.08792
-0.638928
-0.638928
1.36107
-0.00470161
-4.09732
-0.458392
1.90738
-1.0047
2.9953
0.814762
0.907381
-2.73155
0.175834
-0.458392
-2.45839
5.63423
1.81476
-0.458392
1.26845
-0.185238
1.36107
0.722144
-2.55101
1.81476
-2.27786
-0.912083
2.81476
0.268453
-0.731547
-1.18524
0.814762
2.18054
-2.73155
0.722144
0.541608
-1.0047
-0.185238
-0.824166
1.08792
-1.18524
-2.55101
3.08792
2.90738
0.907381
-3.09732
1.63423
-2.18524
1.08792
0.907381
-0.458392
-1.73155
-1.18524
-0.638928
-1.0047
1.63423
2.81476
1.26845
0.814762
-0.00470161
-0.912083
0.268453
0.541608
-1.73155
0.0879171
-0.277856
-0.731547
0.541608
-0.185238
-0.912083
3.81476
-2.18994
-0.551011
1.54161
-0.731547
-1.27786
-1.45839
-0.824166
1.36107
-1.45839
-0.00470161
-1.73155
-0.185238
-2.0047
-0.458392
1.63423
-0.638928
-0.277856
0.634226
-1.0047
-1.0047
-0.185238
1.26845
-1.0047
0.361072
-0.185238
2.26845
2.81476
-1.18524
-1.73155
0.268453
0.448989
-0.00470161
2.36107
2.63423
-1.36577
0.907381
0.995298
-1.63893
-4.64363
0.0879171
3.81476
2.26845
-1.55101
-1.63893
-0.458392
-0.638928
1.72214
-3.0047
-1.18524
-3.82417
-1.09732
1.08792
-0.731547
-1.45839
-0.912083
-2.55101
-0.0973206
-2.27786
-1.63893
-1.73155
0.268453
-1.73155
-2.0047
-1.82417
-0.458392
-1.18524
2.08792
0.541608
-2.0047
-0.458392
3.90738
1.26845
-2.27786
-0.185238
0.907381
-1.91208
1.54161
1.08792
4.08792
0.907381
-1.55101
1.08792
2.36107
0.0879171
-3.55101
-1.91208
-1.0047
4.08792
0.541608
-1.27786
0.0879171
0.634226
-0.365774
0.0879171
-2.45839
-1.36577
-1.36577
3.18054
0.361072
-0.0926188
2.08792
-0.731547
-0.731547
-0.551011
0.634226
-0.458392
3.90738
-1.45839
-1.45839
2.36107
-2.45839
0.814762
2.90738
-1.27786
-1.45839
0.180536
-0.185238
-1.36577
2.54161
0.814762
1.26845
-1.36577
-1.45839
-1.36577
0.814762
-0.458392
3.63423
-2.27786
-0.0926188
-0.912083
0.814762
-0.638928
0.995298
-1.18524
1.36107
-0.638928
-2.45839
1.63423
-1.45839
3.36107
-2.55101
-0.365774
2.18054
0.907381
3.45369
-2.18524
0.0879171
-0.912083
0.0879171
-1.18524
1.54161
1.18054
1.36107
-1.36577
-1.18524
1.36107
-1.18524
-1.18524
-3.0047
0.541608
-2.45839
-1.63893
3.36107
1.63423
-1.09732
-2.73155
-0.458392
-1.73155
0.180536
-0.185238
-0.0926188
-0.365774
-1.27786
0.814762
-0.185238
0.453691
0.453691
-0.458392
-0.185238
-0.365774
-0.912083
-2.27786
-1.91208
-1.91208
-1.91208
-1.45839
4.18054
2.90738
-0.638928
0.541608
-0.819464
-0.185238
1.90738
-2.18524
-3.0047
0.814762
-1.63893
-0.912083
-1.91208
-1.36577
0.907381
3.18054
0.541608
0.634226
-0.912083
0.634226
-0.638928
-0.819464
0.907381
-0.365774
-1.09262
1.36107
-0.638928
0.726845
-1.18524
1.26845
-0.0926188
0.907381
-1.09262
-0.185238
0.0879171
-1.63893
-0.819464
0.634226
0.814762
0.907381
1
-2.18524
-0.458392
-0.0926188
0.0879171
1.36107
-0.365774
0.180536
-0.912083
1.90738
-2.18524
-0.365774
4.36107
-1.63893
-2.18524
-0.546309
-1.45839
-0.912083
-0.731547
0.180536
-1.45839
2.18054
0.907381
0.0879171
0.361072
-1.09262
0.541608
1.18054
0.907381
-1.73155
-0.912083
-3.0047
1.08792
0.361072
-2.45839
-0.819464
-3.0047
0.180536
-0.0926188
-2.0047
-0.819464
1.36107
-1.63893
-0.365774
-1.36577
-0.912083
-1.09262
0.634226
-1.0047
1.18054
-0.638928
1.18054
-1.18524
3.18054
2.18054
-0.0926188
0.180536
-2.0047
0.361072
0.634226
0.814762
0.180536
2.81476
0.180536
-1.09262
-0.819464
1.18054
1.18054
0.361072
0.907381
-0.546309
-1.09262
-3.82417
-0.912083
-0.638928
-0.546309
-0.638928
-0.638928
1.63423
-0.365774
0.634226
1.63423
-2.18524
-1.18524
1.90738
0.634226
0.180536
0.0879171
-0.458392
-1.91208
-2.18524
-1.36577
0.361072
2.63423
0.634226
0.634226
-0.638928
-0.0926188
-0.638928
1.18054
2.63423
1.63423
-0.638928
1.08792
1.45369
-0.0926188
-0.185238
1.45369
1.45369
0.634226
0.634226
-1.36577
0.180536
-2.73155
-0.0926188
-1.63893
-1.18524
1.90738
-1.45839
0.180536
-0.0926188
-1.91208
-1.91208
-1.36577
-1.18524
1.63423
0.634226
-0.365774
-0.546309
1.90738
0.907381
2.18054
-0.0926188
-1.91208
-1.73155
0.0879171
2.90738
-0.819464
0.634226
-2.73155
-0.731547
-1.36577
0.0879171
-1.36577
-1.36577
-1.45839
0.180536
1.18054
1.72685
-0.638928
-0.912083
-0.0926188
1.90738
0.361072
-0.546309
0.634226
0.361072
-1.09262
-0.638928
0.634226
-1.91208
-1.63893
-1.09262
-1.73155
-0.0926188
-2.45839
-1.91208
-1.36577
0.453691
-1.63893
-1.63893
3.45369
-0.365774
0.907381
2.18054
2.18054
-0.546309
-0.365774
0.180536
-1.36577
-0.0926188
-1.63893
-0.638928
-0.638928
-1.09262
-0.365774
-1.63893
-1.18524
-1.63893
-0.0926188
-1.18524
-0.638928
1.45369
-1.36577
0.361072
-3.0047
-0.819464
-0.638928
-0.819464
-0.638928
-2.18524
-3.0047
-0.912083
0.453691
-0.365774
-0.365774
0.180536
-0.0926188
0.180536
-1.36577
-0.185238
-1.09262
1.45369
-0.458392
3.36107
1.18054
-0.912083
0.180536
1.72685
-0.365774
2.18054
-0.0926188
-1.09262
2.63423
-1.36577
-2.45839
-0.0926188
-1.36577
-1.63893
0.453691
0.0879171
-0.365774
0.361072
-0.0926188
-0.0926188
-1.09262
-0.912083
-0.0926188
-1.63893
0.453691
-0.185238
-2.18524
0.361072
-2.18524
-0.912083
-0.638928
-2.0047
2.45369
0.634226
-1.63893
-1.63893
-0.365774
-0.365774
-0.912083
3.45369
0.180536
1.18054
-1.36577
-0.912083
0.907381
-0.0926188
-1.63893
-0.365774
0.907381
-0.638928
-0.819464
-0.546309
-0.365774
-1.18524
-0.546309
1.72685
-0.0926188
-0.546309
0.180536
0.814762
-0.365774
1.18054
-0.819464
-0.912083
-0.819464
-0.912083
-0.365774
-0.0926188
0.634226
-0.0926188
2.18054
1.90738
-1.09262
-1.09262
0.180536
1.36107
-1.36577
2.90738
1.18054
0.180536
0.361072
-1.63893
0.180536
-1.36577
-0.185238
-1.63893
0.453691
1.72685
0.453691
1.18054
-1.91208
0.995298
-0.185238
0.453691
0.453691
0.453691
1.36107
-1.63893
-0.912083
-0.0926188
-1.63893
-0.546309
-1.91208
-1.09262
0.180536
1.45369
-0.365774
0.180536
-0.0926188
1
2.18054
2.36107
-0.365774
1.18054
-0.273155
-1.36577
-1.63893
-1.09262
-0.731547
-0.638928
-1.73155
-2.0047
0.453691
-0.0926188
-1.09262
-0.912083
0.0879171
0.634226
1.18054
2
-0.0926188
-1.36577
0.634226
0.180536
-1.09262
-0.0926188
-0.365774
0.726845
-1.09262
-1.18524
-1.36577
-0.365774
-0.0926188
-1.63893
3
-0.273155
-1.36577
-0.365774
0.180536
-1.36577
-0.912083
1.18054
-0.365774
1.36107
-0.819464
0.634226
1.45369
0.634226
-0.0926188
1.90738
-0.365774
1.90738
0.907381
0.180536
0.726845
2.08792
0.180536
-0.0926188
1.63423
1.72685
-0.912083
-0.0926188
0.453691
0.361072
-1.63893
-3.09732
-1.73155
-0.365774
-0.912083
-0.546309
-0.819464
0.453691
-0.819464
-2.45839
-0.546309
-1.63893
-0.365774
-0.546309
0.634226
-0.0926188
1.63423
-0.638928
-0.912083
-1.63893
-0.0926188
-0.819464
-0.638928
-1.18524
2.36107
-1.18524
1.08792
-0.638928
0.907381
1.90738
0.361072
0.453691
1.36107
-1.09262
-0.546309
-1.36577
-0.365774
0.907381
-1.27786
-0.819464
-0.638928
-1.91208
-0.819464
-0.365774
-0.912083
0.361072
-0.0926188
0.907381
1.18054
0.907381
0.0879171
0.180536
-0.0926188
-0.546309
1.18054
-1.09262
0.180536
-1.36577
-1.09262
-0.638928
0.726845
-0.819464
0.453691
-0.365774
1.90738
-0.912083
2.18054
-0.638928
-0.0926188
0.0879171
-1.63893
-0.638928
0.726845
-0.546309
0.453691
-1.73155
-1.36577
1.45369
0.361072
-1.09262
-1.18524
-0.638928
-2.18524
1.08792
-0.638928
-1.36577
-1.09262
-1.09262
-1.18524
-0.365774
-0.912083
0.180536
-0.819464
1.90738
-0.365774
-1.09262
-0.819464
-0.912083
-1.09262
-1.18524
3.45369
-1.36577
-0.912083
1.08792
-0.638928
-0.546309
-0.638928
1.45369
-2.18524
-2.0047
-0.365774
-1.36577
3.18054
-1.45839
-0.185238
-1.09262
2.18054
0.453691
0.453691
0
0.361072
-1.09262
-0.365774
-1.63893
0.180536
-1.63893
-0.819464
-0.365774
-0.819464
-0.819464
-1.36577
-2.73155
0.180536
-0.546309
-3.0047
-0.819464
-1.09262
-1.09262
-0.638928
-1.09262
-1.09262
-0.365774
0.361072
0.180536
-2.45839
2.72685
-1.36577
0.180536
-0.0926188
1.18054
-1.36577
-0.365774
-0.185238
1.18054
-1.36577
-1.09262
-0.546309
-1.18524
-1.36577
-1.09262
-0.819464
-1.09262
0.634226
1.45369
-1.09262
-0.819464
0.726845
1.45369
1.18054
-0.365774
0.541608
-1.18524
0.0879171
-0.819464
0.180536
-1.09262
0.453691
-1.09262
-0.0926188
-1.18524
-2.18524
-0.819464
-0.638928
-1.91208
1.90738
0.180536
1.08792
1.63423
-1.45839
-2.18524
-0.365774
0.453691
-0.819464
3.45369
-0.365774
0.453691
-0.365774
-0.546309
-0.819464
1.45369
-0.638928
-1.91208
1.90738
0.180536
0.907381
-1.91208
0.907381
-1.09262
0.180536
-0.0926188
-0.185238
-0.0926188
-0.0926188
2.72685
-1.36577
1.18054
-0.458392
0.180536
-1.91208
1.18054
-0.638928
-1.36577
1.90738
0.907381
-0.0926188
2.63423
0.453691
0.907381
0.453691
1.90738
1.08792
-0.0926188
-1.09262
-0.365774
0.180536
-1.36577
-0.365774
-1.09262
0.0879171
-1.36577
1
-0.819464
1.90738
0.726845
0.180536
1.18054
3.18054
0.180536
-1.09262
-0.819464
-1.09262
-1.09262
0.907381
-1.36577
-1.09262
1.18054
-1.63893
-0.0926188
-0.546309
-1.09262
1.18054
0.453691
0.453691
1.08792
1.18054
-0.0926188
-0.365774
-1.09262
1.90738
-0.0926188
1.36107
2.18054
0.180536
0.453691
-1.18524
0.634226
3.18054
0.361072
-0.638928
0.453691
1.63423
0.726845
-0.546309
-1.36577
1.45369
0.634226
1.45369
1.90738
3.63423
-1.45839
2.90738
0.361072
1.18054
2
1.18054
0.814762
-1.91208
-0.912083
-0.273155
4.72685
1.18054
-0.819464
2.45369
0.453691
4.72685
-1.09262
1.08792
-0.365774
0.180536
1.45369
0.726845
3.36107
0.453691
0.453691
0.180536
-0.638928
0.634226
1.72685
-1.63893
0.453691
-0.365774
0.180536
2.63423
0.453691
1.18054
0.907381
3.45369
2
-0.365774
3.90738
0.453691
-0.819464
0.0879171
2.45369
-0.0926188
-0.0926188
2.18054
3.18054
-0.0926188
0.361072
2.18054
3.18054
0.634226
-0.365774
0.180536
0.907381
-0.0926188
2.18054
-0.0926188
-0.273155
-1.09262
0.180536
0.726845
0.361072
-1.63893
1
-0.912083
1.72685
1.72685
-0.0926188
-0.546309
2.72685
0.361072
0.726845
3.45369
1.63423
-0.0926188
-1.45839
2.90738
1.90738
1.18054
0.180536
1.81476
-1.09262
4.72685
0.0879171
-0.638928
1
0.453691
0.453691
1.90738
1.45369
-0.273155
1
0.453691
2.18054
1.18054
0.180536
1.90738
1.45369
0.453691
-1.91208
1.36107
-0.546309
-0.819464
-0.365774
-0.819464
0
0.726845
0
0.453691
0.180536
1.72685
0.180536
0.180536
-1.91208
0.907381
0.726845
1.18054
-1.63893
-1.09262
3
0.726845
-0.365774
0.907381
1.45369
1.18054
1.45369
-1.09262
-0.638928
-0.546309
-0.546309
1.18054
-0.819464
-0.273155
0.453691
-0.0926188
0.361072
-1.36577
-0.0926188
0.180536
1.45369
-0.273155
1
-0.273155
0.726845
-0.819464
-0.0926188
1.45369
1.63423
-1.09262
-0.819464
0.180536
0
-1.09262
-1.09262
1.72685
-0.0926188
0.180536
0.180536
1.18054
-0.819464
0.726845
0.726845
-1.63893
1.90738
-1.09262
-1.36577
0.180536
-1.09262
-0.0926188
0.180536
-0.273155
0.726845
-0.546309
-0.273155
-0.638928
0
-0.273155
-1.09262
-0.819464
-1.63893
1.18054
-0.819464
-0.546309
-0.0926188
-0.273155
0.453691
-1.09262
-0.819464
0.726845
1.45369
-0.546309
-1.36577
-0.0926188
-1.09262
0.180536
-1.09262
1.36107
-1.09262
-0.0926188
0.453691
-0.546309
0.453691
-0.546309
-0.0926188
0.726845
-0.819464
-0.546309
-0.365774
0.453691
0
-0.0926188
-1.36577
-0.273155
-1.09262
-1.09262
-0.546309
-1.09262
-0.819464
-0.819464
0
0.726845
-0.273155
2.36107
0.453691
-0.0926188
0.453691
1.72685
-0.273155
-1.36577
-0.819464
-0.273155
0.726845
-0.273155
0.634226
-1.09262
0
2.72685
0.180536
-0.0926188
-1.09262
0.726845
-0.546309
0.180536
-0.819464
-2.18524
1.72685
-0.819464
-0.819464
0.180536
1.45369
-0.546309
0.180536
-0.273155
-0.819464
-1.63893
1.45369
-0.819464
1
0.180536
-0.546309
0
-0.546309
-1.91208
-0.819464
0.453691
-0.273155
-1.36577
-0.546309
-0.273155
2.18054
-0.546309
-0.819464
0.726845
0.453691
-0.819464
-0.273155
-0.546309
-0.819464
-1.09262
-2.18524
-0.819464
-0.546309
0.180536
-1.09262
-1.63893
1.45369
-0.546309
-0.0926188
1.18054
-0.819464
0
0.453691
-0.819464
-0.273155
1.45369
-0.273155
-0.546309
0
-0.273155
0
-1.09262
0.726845
0.726845
1.18054
-1.09262
-0.819464
1
-0.819464
-1.91208
-0.546309
0.180536
-0.273155
-0.273155
-0.273155
-0.546309
0.180536
-1.36577
-0.273155
0.907381
-0.546309
0.180536
2
0.453691
-0.546309
-0.819464
0.180536
0.726845
-0.546309
-0.546309
-1.91208
2.72685
-0.638928
0.180536
0.726845
-1.36577
-0.546309
2.18054
0
-0.912083
-0.819464
0.453691
-0.273155
1
-0.819464
-0.819464
-0.546309
-0.273155
-0.546309
-1.36577
-0.273155
-0.546309
-0.273155
0.180536
-0.546309
0.453691
0
-0.819464
-0.273155
0.453691
0.180536
1.45369
-0.0926188
-0.546309
0.453691
0.726845
-0.819464
-0.365774
-0.546309
-1.36577
0.453691
-0.273155
-1.09262
-1.36577
-0.273155
-0.546309
0.453691
1.45369
1.45369
-0.273155
0.726845
-0.546309
-0.273155
-0.546309
0.453691
0.453691
0.453691
-0.273155
-0.273155
-0.546309
-0.0926188
-1.09262
-0.273155
0.453691
0.453691
-0.546309
1
-0.819464
-0.819464
1.18054
-0.273155
0.453691
-0.273155
0.453691
-0.546309
1.45369
-0.273155
-0.546309
-0.546309
-0.546309
-0.546309
0.726845
-0.546309
-0.273155
0.726845
-0.273155
-0.273155
0
-0.819464
-0.273155
-0.546309
-0.273155
1
-0.273155
0.453691
-0.546309
-0.273155
-0.273155
-0.273155
-0.0926188
-0.546309
0.453691
-1.09262
0.453691
0.726845
-0.819464
0.726845
-0.819464
-0.273155
-0.273155
0
0.453691
1.72685
1.45369
-0.546309
-0.546309
0.726845
-1.36577
-0.0926188
1
-0.273155
0
0.726845
0.453691
0.726845
-0.273155
-0.546309
-0.273155
0.180536
1.45369
1
0
1
-0.546309
0
0.453691
-0.546309
-0.546309
-0.365774
-0.273155
-0.546309
-0.546309
0.180536
-0.273155
0.453691
-0.273155
-0.365774
-0.546309
-0.546309
-0.546309
-0.819464
-1.09262
1.18054
0.0879171
-0.546309
-0.546309
-0.546309
0
-0.365774
-0.273155
0.180536
0.726845
-0.819464
-0.546309
-1.36577
-0.0926188
-0.273155
-0.546309
-0.546309
0.726845
-0.546309
0.180536
-0.546309
0
-0.273155
-1.09262
0.726845
0
-0.819464
0.453691
-1.09262
0.726845
-0.546309
0.453691
1
-0.273155
-0.819464
-0.273155
-0.273155
0.726845
-0.546309
-0.819464
-0.546309
0.726845
-1.09262
-0.273155
0
-1.36577
-0.546309
0
-0.546309
0.453691
-0.546309
1
-0.819464
-0.546309
0.180536
-1.09262
-1.09262
-0.273155
0
-0.273155
2
-0.273155
0.180536
-0.273155
0.453691
-0.273155
-0.546309
-0.273155
-0.273155
-0.546309
-0.273155
0
-0.546309
-0.273155
-0.365774
0.180536
-0.546309
-0.819464
0
1.63423
-0.546309
-0.546309
0
-0.273155
0.726845
0
-0.273155
0.726845
1.45369
1
-0.546309
-0.819464
-1.09262
-0.546309
-0.273155
0.453691
-0.273155
0.180536
0
0
0.726845
-0.546309
-0.273155
1
0.726845
-0.273155
-0.546309
-0.273155
-0.273155
0
-0.546309
-0.273155
0
-0.273155
1
0.453691
-0.546309
0
0
-0.546309
-0.273155
1.45369
-0.819464
-0.273155
-0.819464
-0.819464
0
-0.273155
-1.09262
-0.819464
0.726845
-0.273155
-0.273155
-0.273155
-0.273155
-0.546309
-0.546309
-0.546309
-0.273155
-1.09262
-0.273155
-0.546309
0.726845
-1.09262
-0.546309
0
-0.819464
-0.546309
-0.546309
-0.546309
-0.273155
0.726845
-0.819464
-0.273155
-0.546309
-0.546309
-0.819464
-0.273155
-0.546309
1.45369
0.453691
2
-0.819464
-0.819464
0.726845
0.453691
-0.273155
0
-0.546309
0
-0.819464
-0.273155
-0.546309
0.726845
0.453691
-0.819464
-0.546309
1.72685
-0.273155
0.180536
1.72685
-0.546309
-0.819464
0.180536
-1.36577
-0.546309
-0.273155
-0.273155
-0.819464
0.453691
1
2
0.726845
-0.819464
-0.819464
-0.546309
-0.273155
2
-0.819464
0.453691
-0.273155
-0.819464
-0.819464
0.453691
-0.273155
-0.819464
0.726845
0
-0.273155
-0.546309
-0.273155
0.453691
0.453691
-1.36577
0
-0.273155
-0.273155
-0.546309
-0.273155
-0.273155
0.453691
0
0
0
-1.09262
-0.546309
0
0
-0.273155
-1.36577
-0.819464
-0.546309
-0.273155
0.726845
0
-0.273155
1
1
-1.09262
-1.09262
0.453691
0
-0.273155
-0.0926188
0
-0.273155
-0.273155
-0.273155
-0.546309
-0.273155
-0.546309
-0.273155
-0.273155
0.453691
-0.819464
0.726845
-0.273155
-0.273155
-0.546309
1
-0.273155
1.72685
1
-0.819464
2
-0.546309
-0.546309
1
0
-0.273155
-0.273155
0.726845
0
-0.546309
0.726845
-0.546309
-0.273155
-0.273155
-0.273155
0
0.453691
-0.273155
-0.546309
1
-0.273155
1
-1.63893
1.45369
-0.546309
-0.819464
-0.546309
1
1
-0.546309
-1.09262
-0.819464
-0.546309
0.180536
-0.819464
-0.273155
0
-0.273155
-0.273155
0.726845
-0.546309
1
-0.273155
1
0
0
0
0
1
0
-0.273155
1
1
-0.273155
-0.273155
0
0.726845
-0.546309
0.453691
-0.819464
-0.273155
-0.273155
1
-0.273155
-0.273155
0
-0.273155
0.726845
-0.273155
0
1
-0.273155
0
0
-0.273155
-0.273155
-0.273155
-0.273155
0.453691
-0.273155
-0.273155
-0.273155
-0.546309
-0.546309
0
-0.546309
-0.546309
0.453691
0.726845
-0.273155
-0.273155
-0.546309
-0.546309
0.180536
1
2
-0.546309
0.726845
-0.273155
-0.546309
-0.546309
-0.273155
-0.546309
0
0
1
0.726845
-0.273155
0.453691
0.726845
0.726845
1
-0.273155
-0.546309
0.453691
0
-0.546309
0
-0.273155
0
0
-0.273155
0
2
-0.273155
1
-0.273155
0.726845
0
-0.273155
-0.819464
-0.546309
-0.546309
-0.273155
-0.546309
-0.546309
-0.546309
0.453691
-0.273155
-0.546309
-0.273155
1
0.453691
-0.273155
-0.273155
0.726845
0
0.453691
-0.819464
0
0
-0.273155
-0.273155
-0.273155
-0.273155
0
0.726845
-0.273155
-0.273155
-0.546309
3
0
0.726845
-0.273155
0.726845
-0.273155
0
-0.546309
-0.546309
-0.273155
0
-0.273155
-0.273155
1
0
-0.273155
-0.546309
-0.546309
0.180536
0
0
0
-0.819464
-0.273155
-0.819464
1
0
-0.819464
-0.546309
-0.273155
-0.273155
-0.546309
0
-0.273155
-0.273155
-0.273155
-0.546309
0
-0.273155
0.453691
-0.273155
1
1
0.453691
0.726845
-0.819464
-0.546309
0
-0.273155
0.180536
-0.546309
0.453691
-0.546309
1
0.634226
1
0.726845
0.180536
0
-0.546309
0
-0.273155
0.453691
0.726845
-0.819464
0
0
0
-0.819464
0
-0.546309
0.726845
1
0
0.726845
0.726845
2
-0.273155
-0.273155
0
-0.546309
-0.819464
-0.546309
-0.546309
-0.273155
0
0
0
-0.819464
0
-0.273155
0.726845
-0.546309
0.726845
-0.819464
-0.819464
1
0.726845
0
-0.819464
1
2.72685
-0.273155
0.453691
0.726845
-0.273155
-0.546309
1
0
1.45369
-0.273155
-0.546309
0
0.726845
0
0
-0.546309
0
-0.546309
1
-0.273155
0
-0.546309
-0.273155
0
-0.546309
0
-0.546309
-0.273155
-0.546309
0.180536
-0.273155
-0.819464
-1.36577
-0.273155
0
0.453691
-0.546309
0.726845
-0.273155
-0.273155
0.453691
-0.819464
0.726845
-0.819464
0
-0.273155
-0.546309
-0.546309
1
1.72685
-0.273155
-0.273155
-0.273155
-0.273155
-0.273155
-0.546309
-0.819464
0
-0.273155
2
0
0
-0.0926188
0
0
-0.819464
-0.546309
0
-0.273155
-1.09262
0
-0.546309
0
-0.273155
-0.819464
-0.273155
-0.546309
0.726845
-0.273155
-0.273155
-0.273155
0
-0.273155
-0.273155
-0.273155
-0.273155
-0.546309
0
0.453691
-0.273155
-0.546309
0.726845
0
0.726845
0
0.453691
-0.819464
1
1
0.726845
0.180536
0
0
-0.273155
0
0
-0.273155
-0.546309
1
-0.273155
-0.273155
0
-0.273155
1
-0.273155
0
0
-0.819464
-0.273155
-0.546309
0.453691
-0.273155
-0.273155
-0.273155
-0.273155
-0.273155
-0.273155
-0.546309
-0.273155
-0.273155
-0.273155
-0.273155
-0.546309
-0.273155
1
-0.819464
-0.273155
-0.273155
0
0
0
-0.546309
0
-0.273155
-0.546309
0
-0.273155
0
0.453691
1
1
-0.273155
-0.546309
0
-0.273155
-0.546309
-0.819464
-0.273155
-0.546309
-1.09262
-0.273155
0
-0.273155
0.726845
0.453691
0
0
-0.546309
-0.273155
0
1
-0.546309
0
-0.546309
0
1
-0.273155
0.726845
-0.819464
1
-0.546309
-0.546309
-0.819464
-0.273155
0
-0.273155
0
0
-0.273155
0.726845
-1.09262
-0.273155
-0.546309
-0.273155
-0.273155
0.726845
-0.546309
0.453691
0.453691
-0.273155
-0.273155
-0.546309
-0.546309
0
-0.819464
-0.273155
0
-0.819464
0
-0.546309
-0.546309
0
-0.273155
0.453691
-0.819464
-0.546309
-0.546309
-0.819464
-0.546309
-0.273155
-0.819464
0.726845
-0.546309
-0.546309
0
1
-0.273155
-0.546309
-0.273155
0.726845
-0.273155
-0.546309
-0.546309
0
-0.273155
0
0
1
0
-0.273155
0
-0.273155
-0.273155
1.72685
-0.819464
0
1
0
0.726845
1
-0.819464
-0.819464
-0.546309
-0.273155
0
0
-0.273155
0.726845
0.453691
0
-0.273155
1
-0.546309
-0.273155
-0.546309
-0.546309
-1.36577
-0.546309
1
-0.546309
-1.09262
0
-0.273155
-1.63893
0.726845
1
0
0.453691
0
0
0
1
-0.273155
-0.273155
-0.546309
-0.273155
0
-0.273155
-0.273155
-0.273155
0.726845
0
-0.273155
-0.273155
-0.273155
0.726845
0.453691
-0.546309
-0.819464
0.726845
-0.273155
0
0
-0.273155
0.726845
0
-0.546309
-0.546309
-0.273155
0
0
1
-0.273155
-0.638928
-0.273155
-0.0926188
-0.819464
-0.546309
0.453691
0.726845
0
1
0
0
-1.09262
-0.273155
1
0.726845
0
-0.546309
0
1
-0.273155
0
0.453691
0
1
0
-0.546309
-0.819464
-0.819464
0.453691
0.726845
-0.273155
-0.273155
1
-0.273155
-0.273155
-0.546309
-0.546309
0
0
-0.273155
-0.546309
1
0
1
0.453691
0.907381
0
-0.273155
0.453691
-0.273155
-0.273155
-0.273155
-0.273155
-0.546309
-1.09262
-0.546309
0.180536
0
-0.273155
0.726845
-0.819464
0
-0.273155
-0.273155
0
-0.546309
-0.273155
0
0
0
-0.546309
-0.273155
-0.273155
0
0.180536
-0.273155
0
-0.546309
0
-0.546309
0
-0.273155
-0.273155
0
0
0
-0.273155
0
-0.546309
-0.273155
0
0
-0.273155
0.726845
-0.819464
0
-0.273155
2
1
0
1
3
0.180536
-0.546309
-0.273155
0
-0.273155
-0.273155
0
0
-0.273155
0.726845
-0.273155
0
0
-0.273155
0
0.453691
-0.273155
1
0
1
0
0
0
-0.546309
-1.09262
-0.273155
-0.546309
-0.273155
0.726845
0
-0.819464
-0.273155
0
0
-0.819464
-0.546309
-0.273155
-0.819464
0
0.726845
0
0
0
0
0
-0.273155
-0.273155
1
-0.546309
0.726845
-0.273155
-0.819464
0
-0.546309
0
-0.546309
0
0
-0.546309
-0.273155
-0.273155
0
0
-0.546309
0
0
-0.273155
0
0.726845
-0.273155
-0.273155
-0.273155
-0.273155
0
-0.273155
1
1
-0.273155
-0.273155
0
0
-0.546309
0.726845
0
-0.273155
-0.819464
-0.273155
0
-0.273155
-0.546309
-0.546309
-0.819464
-1.09262
-0.546309
0
-0.273155
0
-0.273155
-0.546309
0.726845
0
-0.546309
-0.819464
1
0
1
-0.819464
-0.273155
0
0.453691
-0.273155
0
-0.546309
1
-0.819464
0
0
-0.273155
-0.273155
-1.09262
1
0
-0.273155
-0.546309
0
2
-0.273155
-0.273155
0
0
0
0
-0.273155
1
0
-0.546309
0
-0.273155
-0.819464
-0.819464
-0.273155
0.180536
-0.546309
0
-0.273155
-0.546309
0.726845
0
1.72685
-0.273155
0
-0.273155
-0.819464
-0.273155
0
-0.273155
-0.273155
-0.273155
-0.273155
0
-0.273155
0
1
0
0
0
0
-0.273155
-0.273155
-0.273155
0
0
0
-0.273155
0.726845
0
-0.273155
-0.273155
-0.273155
0
0
1
-0.273155
1
-0.273155
-0.273155
1
0.453691
-0.273155
0
0
-1.36577
0
-0.546309
1
0.453691
-0.546309
-0.819464
0
0
0
0
0
-0.546309
-0.273155
-0.273155
-0.273155
0
-0.273155
0
-0.546309
-0.546309
0
-0.273155
-0.273155
-0.273155
-0.273155
-0.273155
0
0
-0.546309
-0.273155
0.726845
0
-0.546309
-0.273155
0
-0.273155
-0.273155
-0.273155
0
0
0
0
-0.819464
0
-0.273155
0
1
0
-0.273155
0
0
-0.273155
0
-0.273155
-0.546309
-0.273155
0
0
0
-0.273155
-0.546309
0
0
-0.273155
-0.273155
0
0.726845
-0.546309
-0.546309
-0.819464
-0.546309
-0.273155
0
-0.273155
0
-0.819464
-0.546309
0
0
-0.546309
-1.09262
0.726845
0
-0.273155
0
-0.546309
-0.546309
-0.273155
-0.546309
-0.273155
-0.273155
-0.273155
-0.546309
0
-0.546309
0
0
-0.273155
-0.273155
-0.546309
-0.273155
-0.273155
0
-0.273155
0
-0.546309
-0.546309
-0.273155
0
-0.819464
0
0
-0.273155
-0.273155
-0.546309
-0.546309
0
-0.546309
0
0
-1.09262
-0.273155
-0.273155
0
0
0
-0.819464
0
0.180536
0
-0.546309
0
-0.273155
-0.273155
0
0
0
-0.273155
-0.273155
-0.546309
-0.546309
0
0
-0.273155
0.726845
0
-0.546309
0
-0.273155
0
0
0
0
-0.273155
-0.273155
-0.819464
-0.546309
-0.273155
0
-0.546309
0
-0.546309
-0.546309
-0.273155
0
0
0.726845
-0.273155
-0.273155
1
-0.273155
-0.273155
0
0.726845
0
0
0
0
-0.273155
-0.273155
0
0
-0.273155
-0.273155
-0.273155
0
0.726845
-0.546309
-0.273155
-0.273155
0
-0.273155
-0.546309
-0.273155
0.726845
0.726845
0
0.726845
0
0
0.726845
0
0
0
1
-0.273155
-0.273155
-0.546309
0
-0.273155
0
0
1
0
0
0
0
0.180536
-0.546309
0.726845
1
0.726845
-0.819464
-0.273155
0.726845
-0.273155
1
-0.273155
0
-1.09262
0
-0.273155
0
1
1
-0.546309
0
0
-0.273155
0
0
-0.273155
-0.546309
-0.273155
-0.273155
-0.273155
0.726845
0.453691
-0.273155
0
-0.273155
-0.273155
-0.273155
0
0
-0.273155
0.726845
-0.819464
1.72685
0
0
0
0
-0.819464
0
0
-0.819464
0
-0.273155
0
-0.273155
0
0
0
-0.546309
-0.273155
0
0
0
1
0
0
0
0
-0.273155
-0.273155
-0.546309
-0.273155
-0.546309
0.726845
-0.273155
0
-0.546309
-0.273155
-0.273155
0
0
-0.273155
1
1
0
-0.273155
-0.273155
0.726845
0
0
-0.273155
0
-0.819464
0.453691
0
-0.546309
-0.546309
-0.273155
-0.273155
0
-0.546309
1
-0.273155
0
1
1
-0.546309
-0.273155
-0.273155
0
0
0
0
0
-0.273155
0
-0.273155
0
0
0.726845
0
1
-0.273155
-0.273155
0
0
-0.273155
0
1
-0.273155
-0.273155
1
0.453691
0
0
0
-0.273155
0
0.453691
0
-0.273155
0
0
0
0
0
-0.273155
0
-0.546309
0
-0.273155
-0.273155
0
0
0.726845
-0.273155
0
0
-0.546309
-0.273155
0
0
0
-0.819464
-0.273155
0
-0.273155
0
-0.546309
0
0
-0.273155
0
-0.273155
-0.546309
-0.273155
-0.273155
1
0
0
1
-0.273155
0
-0.273155
0.726845
-0.273155
0
-0.273155
0
-0.546309
0
-0.273155
0
-0.273155
-0.546309
0.726845
0
0
0
-0.546309
0
0
-0.546309
0
0
0
-0.273155
0
-0.819464
0
0
0
-0.546309
-0.273155
0
0
-0.273155
-0.273155
0
-0.819464
-0.273155
-0.273155
-0.273155
0
0
-0.273155
0
-0.546309
-0.546309
-0.273155
-0.546309
0
0
-0.273155
-0.273155
-0.273155
0
0
-0.273155
-0.273155
-0.273155
-0.273155
-0.546309
-0.273155
0
0
-0.273155
0
0
-0.273155
1.72685
-0.273155
-0.273155
-0.819464
-0.273155
-0.273155
-0.273155
0
-0.273155
-0.273155
0
1
-0.273155
0
-0.273155
0
-0.273155
0
0
0
-0.819464
-0.273155
1
-0.273155
0.726845
-0.273155
0
-0.273155
0
0
-0.819464
-0.546309
-0.273155
-0.546309
-0.546309
0
-0.273155
-0.546309
0
1
0
0
0
0
0
0
0
0
0
-0.546309
-0.273155
0
-0.546309
0.453691
0
0
0
-0.273155
0.180536
0
1
0
0
0
-0.273155
0
0
0
-0.546309
0
0
0
0
0
0.726845
-0.273155
-0.273155
0
-0.273155
0
1
0.453691
-0.273155
0
-0.273155
-0.819464
0
-0.273155
0
0
-0.273155
0
1
0
-0.273155
-0.273155
0
0
-0.273155
-0.273155
0
-0.546309
-0.273155
-0.273155
-0.273155
0
-0.546309
1
0
-0.546309
0
0
0
-0.273155
0
-0.273155
0
0
0
0
-0.273155
-0.546309
0
1
0
1
-0.273155
0
0
0
0
0
0
0
0
-0.546309
0
0
0
1.72685
0
0
-0.546309
-0.546309
0
-0.273155
0
0
-0.273155
-0.546309
0
0
-0.273155
0
-0.273155
0
0.453691
0
-0.273155
0
-0.546309
0
0.726845
0
1
0.453691
0
-0.273155
-0.273155
-0.273155
-0.273155
0
-0.273155
-0.546309
-0.546309
-0.546309
0
0
0
-0.273155
-0.273155
-0.273155
0
0
-0.273155
-0.819464
1
0.726845
-0.273155
0
-0.273155
-0.273155
0.726845
-0.273155
0
0
0
0
0
0
0
0
-0.273155
-0.273155
0
0
-0.273155
0
0
-0.546309
0
-0.273155
0
-0.273155
0
0
-0.546309
0.726845
-0.546309
0
-0.273155
0
0
0
0.726845
1
-0.273155
-0.273155
-0.546309
0
0
0
-0.273155
1
0
0
0
-0.273155
-0.273155
0
0
0
-0.273155
1
-0.546309
0.726845
-0.273155
0
0
-0.273155
0
1
0
-0.819464
0
0
0
0
-0.273155
0
0
-0.273155
0
0
0
0
0
0
0
-0.273155
0
-0.273155
-0.546309
-0.546309
0
0
-0.546309
-0.273155
-0.273155
0
1
0
-0.273155
-0.273155
0
0
0
0
-0.546309
-0.273155
0
-0.273155
0
0
-0.273155
0
1
-0.273155
0
0
-0.819464
-0.273155
0
0
0
-0.273155
0
0
0
0
-0.546309
0
0
0
0
0
0
0
0.726845
0
0
-0.273155
0
0
-0.273155
0
-0.273155
-0.273155
-0.546309
0
-0.273155
0
0.726845
0
0.726845
-0.273155
1
0
-0.273155
0
0
0
-0.273155
0
0
0
0
-0.273155
1
0
-0.273155
0
0
0
-0.273155
-0.273155
-0.273155
0
0
-0.273155
0
0
0
0
0
-0.273155
0.453691
0
0
-0.273155
-0.546309
-0.273155
-0.273155
0.726845
0
-0.273155
-0.273155
-0.273155
0
-0.273155
0
-0.273155
1
-0.546309
-0.273155
0
0
-0.273155
0
0
-0.273155
0
-0.273155
0
-0.273155
0
0
-0.273155
-0.273155
-0.273155
0
0
-0.273155
0
0
-0.273155
0
-0.546309
-0.273155
0
0
0.726845
0
0
0
0
-0.273155
-0.273155
0
-0.546309
-0.273155
0
-0.273155
0
0
0
0
-0.273155
0
-0.273155
0
0
0.726845
0
0
0
-0.273155
0
-0.546309
0
0
1
-0.273155
-0.273155
0
0
1
0
0
0
-0.273155
-0.546309
1
-0.273155
0
0
0
-0.273155
0.453691
0
0
0
-0.273155
0
0
-0.273155
-0.273155
0
0
0
0
0
0
-0.546309
0
0.453691
0
-0.546309
0
1
0
-0.273155
0
-0.273155
0
0
-0.546309
-0.273155
0
0
0.453691
-0.273155
1
0
0
1
-0.273155
0
0
0
0
1
0
-0.273155
-0.273155
0
-0.273155
-0.273155
0
-0.546309
0
-0.546309
0
0
0
-0.273155
0
-0.819464
-0.273155
0
0
0
0
0
-0.273155
0
0
-0.273155
0
0
0
-0.273155
0
0
-0.273155
0
-0.273155
-0.546309
-0.273155
-0.273155
-0.273155
0
-0.273155
0
0
0
-0.273155
0.726845
1
0
-0.273155
0
0
-0.273155
0
0
0
0
-0.546309
-0.273155
0
0
-0.273155
0
0
0
-0.273155
-0.273155
0.726845
0
0
0
0
0
-0.546309
0.726845
-0.273155
0.726845
0
0
-0.819464
0.726845
-0.273155
-0.273155
0
-0.273155
0
0
0
0
0
0
-0.273155
-0.273155
-0.273155
0
-0.273155
-0.546309
0
-0.273155
-0.273155
0
-0.273155
0
0
0
0
0
0
-0.273155
-0.273155
-0.273155
-0.273155
0
0
0
-0.273155
0
0
1.72685
0.726845
0
-0.273155
0
0
0
1
0
-0.546309
0.726845
0
1
0
0
0
0
0
0
-0.273155
0
0.726845
0
-0.273155
0
0
-0.546309
0
-0.546309
1
0
0
0
-0.273155
0
0
-0.273155
0
-0.546309
0
0
0
-0.273155
0
0
-0.273155
0
0
0
-0.273155
0
0
-0.546309
0
-0.273155
-0.273155
-0.819464
-0.273155
0
-0.819464
0
-0.819464
0.453691
0
0.453691
-0.273155
-0.546309
0
-0.546309
-0.273155
0
0
1
-0.273155
-0.273155
0
0
0
0
0
-0.273155
-0.273155
-0.273155
0
1
0
-1.09262
0
1
0
0
-0.546309
-0.273155
-0.273155
0
0
0
0
0
0
-0.546309
-0.273155
0
0
-0.273155
-0.546309
0
0
-0.273155
-0.273155
-0.546309
0
0
0
0
0
1
0
0
-0.273155
1
0
-0.273155
-0.273155
-0.273155
-0.273155
0
-0.273155
-0.273155
1
0
1
0
-0.273155
0
0
1
0
-0.273155
0
0
0
0
-0.819464
-0.546309
-0.273155
-0.273155
-0.273155
0
-0.273155
-0.273155
0.726845
-0.546309
-0.273155
0
-0.273155
0
0
0
0
-0.273155
0
1
0
-0.273155
0
-0.273155
0
1
-0.273155
0
-0.546309
0
0
-0.546309
1
0
0
-0.273155
0
-0.273155
0
0
-0.273155
0.726845
-0.273155
0
0
-0.273155
-0.273155
0
-0.273155
-0.819464
0
0
0
-0.273155
0
0
0
1
1
-0.273155
0
0
-0.546309
0
0
0
-0.273155
0
0
-0.273155
0
0
0
0
0
-0.273155
-0.546309
0
0
0
0
0
-0.273155
0.453691
0
0
0
0
-0.273155
0
0
0
0
-0.546309
0
-0.546309
0
0
0
0
0
-0.273155
0
0
0
-0.273155
-0.546309
0
0
1
0
0
0
0
0
-0.273155
-0.273155
1
0
0
-0.273155
0
-0.546309
-0.273155
0
0
0
0
0
-0.273155
0
-0.273155
1
-0.273155
1
-0.273155
0
0
-0.546309
0
-0.273155
0
-0.273155
0
0
-0.546309
-0.273155
0
-0.273155
0
0
0
-0.273155
-0.273155
1
-0.273155
0
-0.273155
1
-0.273155
-0.273155
0
0
1
-0.273155
-0.273155
-0.273155
-0.273155
-0.546309
0
-0.546309
0
0
-0.546309
-0.273155
-0.273155
0
0
0
-0.273155
0
0
0
-0.273155
0
0.726845
0
-0.273155
-0.273155
0
-0.273155
0
0
0
-0.273155
-0.273155
-1.09262
0
0
-0.273155
0
0
-0.273155
0
-0.273155
0
0
0
0
-0.546309
0
0
-0.273155
0
0
0
0
0
0
-0.273155
0
0
-0.273155
0
-0.273155
-0.546309
0
0
-0.273155
0
0
-0.273155
-0.273155
-0.273155
0
0
0
-0.273155
0
0
-0.273155
0
0
0
1
0.726845
0
0
0
0
-0.273155
-0.273155
0
0
0
0
0
0
0
-0.546309
0
0
0.726845
0
-0.273155
-0.273155
0
0
0
-0.273155
0
-0.546309
-0.273155
0
0
0
-0.273155
-0.273155
-0.273155
-0.273155
0
-0.273155
0
-0.273155
-0.273155
-0.273155
-0.273155
0
0
0
0
0
0
0
0
0
0
0.453691
0
0
0
0
-0.819464
0
0
0
1
0
0
0
0
0
1
0
-0.546309
-0.273155
0
1
0
0
0
0
-0.273155
-0.546309
0
-0.546309
0
0.726845
-0.273155
-0.273155
-0.273155
0
-0.273155
0
0
-0.546309
0
-0.546309
0
0.726845
-0.273155
-0.546309
0
-0.546309
0
-0.273155
1
0
1
0
0
0
0
-0.273155
0
-0.273155
0
1
0
0
-0.273155
0
0
-0.273155
-0.273155
0
0
0
0
1
0
-0.273155
-0.273155
0
0
0
0
0
0
-0.546309
0
-0.546309
0.726845
0
0
0
-0.273155
2
0
0
0
-0.546309
-0.273155
0
-0.273155
0
0
1
0
0
-0.546309
0
-0.273155
-0.546309
1
0
1
-0.273155
0
1
0
0
0
0
0.726845
-0.273155
-0.273155
0
-0.273155
0
0.726845
-0.273155
0
-0.273155
0
0
0
0
-0.546309
-0.546309
0
-0.273155
0
0
0
0
-0.273155
0
-0.273155
0.726845
0
0
1
0
0
0
0
-0.273155
0
0
0
-0.273155
0
0
0
1
0
0
1
-0.273155
0
0
0
-0.273155
0
0
0
-0.273155
-0.273155
0
0
0
-0.273155
0
-0.273155
0
0
-0.273155
0
0
0
0
-0.273155
0
-0.273155
-0.273155
0
0
-0.273155
-0.273155
0
1
0.726845
1
-0.273155
0
-0.273155
0.726845
0
0
-0.273155
-0.546309
0
-0.273155
-0.273155
0
0
0
0
0
0
0
0
0
0
0
0
0
0
-0.273155
0
-0.819464
0
0
-0.273155
0
0
0
-0.273155
2
0
-0.546309
0
0
0.453691
-0.273155
0
0
-0.273155
0
0
0
-0.273155
0
0
0
-0.273155
0
0
-0.273155
-0.546309
0
0
-0.273155
0
1
0
-0.273155
0.726845
0
0
0
0
-0.273155
-0.273155
-0.273155
0
-0.273155
-0.273155
-0.273155
-0.273155
0
1
0
-0.273155
0
0
0
0
0.726845
1
0
-0.546309
0
0
-0.546309
0
0
0
0
0
-0.273155
-0.273155
0
0
0
1
-0.273155
0
0
0
-0.273155
-0.273155
-0.273155
0
0
-0.273155
0
0
0
-0.273155
-0.273155
0
0
-0.273155
0
-0.273155
0
0
-0.273155
-0.273155
0
0
-0.273155
0
-0.273155
0
0
0
1
0
-0.273155
-0.273155
0
0
0
0
0
0
1
-0.273155
-0.273155
-0.273155
0
0
0
0
0
0
0.726845
0
0
0
0
0
0
0
-0.273155
0
0
-0.273155
0
0
0
0
0
-0.546309
0
0
0
0
0
-0.273155
-0.273155
0
0
0
-0.273155
0
0
-0.273155
0
0
0
0
0
-0.273155
0
0
0
-0.273155
1
1
0
0
0
0
0
-0.273155
-0.273155
0
-0.546309
0
0
0
0
0
0
-0.273155
0
-0.273155
1
0
0
1
-0.273155
0
0
-0.273155
0
0
0
-0.273155
0
0
0
0
-0.273155
0
0
0
0
0
-0.546309
0
0
0
0
0
0
-0.273155
0
0
0
0
0
0
1
0.726845
-0.273155
0
-0.273155
0
-0.273155
0
0
0
0
0
-0.273155
0.453691
0
-0.273155
-0.273155
-0.546309
0
1
-0.273155
-0.273155
0
0
-0.546309
1
0
0
-1.09262
0
0
0
0
1
0
0
-0.273155
-0.546309
0
0
0
0
0
0
0
0
0
0
0
0
0
0
0
0
0
0
-0.546309
0
0
1
0
1
0
0
0
0
-0.273155
0
0
0
0
0
0
-0.273155
-0.546309
0.726845
0
0
-0.273155
0
-0.273155
0
0
-0.273155
0
0
0
0
0
-0.273155
-0.273155
0
0
0
0
1
-0.273155
0
0
1
0
0
0.726845
0
-0.273155
0
0
0
0
0
0.453691
0
0
0
0
0
0.453691
-0.273155
0
0
-0.546309
1
1
0
0
0
0
0
-0.273155
0
0
0
0
0
0
0
0
0
0
-0.273155
0.726845
0
0
0
-0.273155
0
0
0
0
-0.273155
0
0
-0.273155
0
-0.273155
0
0
0
0
0
-0.273155
0
0
0
0
0
-0.546309
1
0
-0.273155
0
0
0
0
0
0
1
0
0
0
-0.273155
0
0
0
0
-0.546309
0
-0.273155
-0.273155
0
0
0
0
0
1
0
0
0
0
1
0
0
-0.273155
0
0
-0.273155
0
-0.273155
1
0
-0.273155
1
0
0
0
0
0
0.726845
-0.546309
0
1
0
0
0
-0.273155
0
0
-0.273155
0
0
0
0
0
0
0
0
0
0
0
0
-0.273155
0
0
0
0
0
-0.546309
0
0
0
0
0
0
0
0
-0.546309
0
-0.546309
0
-0.273155
0
0
-0.273155
0
0
0
0
-0.273155
-0.273155
-0.273155
0
0
0
0
-0.273155
0
-0.273155
-0.273155
0
0
0
0
0
-0.546309
-0.273155
0
0
0
-0.273155
0
-0.273155
0
0
0
0
0
0
0
-0.273155
-0.273155
0
0
0
0
0
-0.273155
-0.273155
0
-0.273155
0
0
0
0
0
0
0
0
0
-0.273155
0
0
0
0
2
0
0
0
-0.273155
0
0
0
-0.273155
-0.273155
-0.273155
1
0
-0.546309
0
-0.546309
-0.273155
0
-0.273155
0
0
0
0
-0.273155
-0.273155
-0.273155
0
0
0
0
0
-0.546309
-0.546309
0
0
-0.273155
0
-0.273155
0
0
0
0
0
0.453691
0
0
0
0
-0.546309
0
0
0
0
0
1
0
-0.273155
-0.273155
-0.273155
-0.273155
0
0
-0.273155
-0.546309
0
0
0
-0.273155
0
-0.273155
-0.273155
0
0
0
0
-0.546309
0
0
0
0
0
0
0
0
0
0
0
0
0
-0.273155
0
-0.546309
0
-0.273155
-0.273155
0
0
0
0
0
0
-0.273155
0
0
0
0
0
0
-0.273155
0
0
0
0.726845
0
0
0
0
0
0
1
0
0
0
1
0
-0.273155
1
0
0
0
-0.273155
-0.546309
-0.273155
0
0
-0.273155
0
-0.273155
-0.273155
-0.273155
0.726845
0
0.726845
0
-0.273155
-0.273155
0
-0.273155
0
1
-0.546309
0
0
0
-0.273155
0
0
0
0
-0.273155
-0.273155
-0.273155
-0.273155
0
0
0
-0.273155
0
0
0
0
0
0
-0.273155
0
0
-0.546309
0
0
0
0
0
0
-0.273155
-0.273155
-0.273155
0
0
0
0
0
0
1
0
0
0
0
0
0
0
0
-0.273155
0
-0.546309
0
-0.273155
0
0
0
0
0
-0.273155
0
-0.273155
0
0
0
-0.273155
-0.273155
1
0
0
0
0
-0.273155
0
0
0
0
0
0
-0.546309
0
0
0
-0.273155
0
0
0
0
0
0
-0.819464
0
0
1
0
-0.273155
0
0
1
0
0
0
0
0
0
0
0
0
0
-1.09262
0
0
0
-0.273155
0
0
0
0
0
-0.273155
1
0
-0.273155
0
0
-0.273155
-0.273155
-0.273155
0
1
0.726845
-0.273155
-0.273155
0
0
-0.546309
-0.273155
0
0
1
0
1
-0.273155
-0.273155
0
0
0
0
-0.546309
0
0
0
-0.546309
1
-0.273155
0
0
0
1
0
0
0
0
0
0
0
0
0
0
-0.273155
0
0
0
0
0
0
-0.546309
0
0
-0.273155
0
0
0
0
0
0
0
0
-0.273155
0
0
0
-0.546309
0
0
0
0
0
0
0
0
-0.273155
-0.273155
1
0
0
0
0
0
0
0
0
0
0
0
0
0
0
0
-0.273155
-0.273155
0
0
0
0
0
0
0
0
0
0
0
0
0
0
0
2
0
0
1
0
0.726845
0
0
0
-0.273155
0
0
-0.273155
-0.273155
0
0
0
-0.273155
0
0
0
0
0
0
-0.273155
0
0
0
0
-0.273155
-0.273155
0
0
0
-0.273155
0
0
0
0
0
0
0
0
0
0
0
1
0
0
0
0
-0.273155
0
0
0
-0.273155
0
0
0
0
0
0
0
0
-0.273155
0
0
-0.273155
0
-0.546309
0
0
0
0
0
0
0
0
0
0
0
0
0
0
0
-0.273155
0
0
0
0
-0.273155
0
0
0
0
1
0
0
0
0
0
1
-0.546309
1
0
0
0
0
-0.273155
-0.273155
0
0
0
0
0
0.726845
0
0
0
-0.273155
0
-0.273155
0
0
0
0
0
0
0
1
0
0
0
0
0
0
0
0
0
0
0
0
1
1
0
-0.273155
0
0
0
0
0
0
0
0
0
-0.273155
-0.273155
0
1
0
-0.273155
0
0
-0.273155
-0.273155
0
-0.273155
0
0
0.726845
0
-0.546309
-0.273155
0
0
0
-0.273155
0
0
0
0
0
0
0
0
1
0
-0.546309
0
0
0
-0.273155
0
0
0
0
-0.273155
0
0
0
0
0
0
0
0
0
0
1
0
0
1
0
0
0
0
0
0
0
0
0
0
0
0
0
0
0
0
0
0
-0.273155
0
0
0.726845
0
0
-0.273155
0
0
0
0
0
0
0
0
0
0
0
0
0
0
0
0
0
0
0
-0.273155
-0.273155
0.726845
0
0
0
0
0
0
0
1
-0.819464
0
0
0
0
0
0
-0.546309
0
-0.546309
0
0
0
0
-0.273155
0
0
0
-0.273155
0
0
-0.273155
-0.273155
0
0
0
0
0
0
0
0
0
-0.273155
0
0
0
0
0
0
-0.273155
-0.273155
0
0
0
0
1
0
0
0
0
1
0
0
0
-0.273155
0.726845
-0.546309
0
-0.273155
0
-0.546309
-0.273155
0
-0.273155
0
0
1
1
0
-0.273155
-0.273155
0
0
-0.273155
0
0
-0.273155
0
0
-0.273155
0
0
0
-0.273155
-0.273155
0
0
0
0
0
0
0
0
0
0
0
0
0
0
0
0
0
0
0
0
0
0
0
-0.546309
-0.273155
0
0
0
-0.273155
-0.273155
1
-0.546309
-0.273155
0
0
0
0
0
0
0
0
0
-0.273155
0
-0.546309
-0.273155
0
0
-0.273155
-0.273155
-0.546309
-0.819464
0
0
0
0
-0.273155
0
0
0
0
0
-0.273155
0
0
0
0
0
0
0
0
-0.273155
0
0
0
0
-0.273155
-0.273155
0
0
0
-0.273155
-0.819464
0
-0.273155
-0.546309
0
-0.273155
-0.273155
-0.546309
0
0
0
0
0
0
-0.273155
0
0
-0.273155
-0.273155
0
0
-0.273155
0
0
0
-0.546309
0
0
0
0
0
-0.273155
-0.819464
-0.273155
-0.273155
-0.273155
0
1
0
-0.273155
-0.273155
-0.546309
-0.273155
0
0
-0.273155
0
0
-0.273155
-0.546309
1
0
-0.546309
-0.273155
1
0.726845
-0.546309
-0.273155
-0.273155
0
0
-0.546309
0
-0.273155
-0.819464
0
0
0
-0.273155
0
-0.273155
-0.273155
0
0
-0.273155
0
-0.273155
0
0
-0.273155
0
0
-0.273155
-0.273155
0
0.726845
-0.546309
-0.273155
-0.273155
0
0
-0.273155
0
-0.546309
-0.273155
-0.546309
-0.273155
-0.273155
0
0
-0.273155
0
0
0
0
0
-0.273155
0
-0.546309
0
-0.273155
-0.273155
-0.273155
0
0
0
0
-0.273155
-0.273155
0
-0.273155
0
0
0
-1.09262
0
0
-0.273155
-0.273155
-0.546309
0
-0.546309
-0.273155
0
0
0
0
0
0
-0.273155
-0.273155
0
-0.273155
0
0
0
-0.273155
-0.546309
-0.273155
-0.273155
0
0
-0.273155
0
-0.546309
0
-0.273155
-0.273155
-0.273155
0
-0.273155
-0.273155
-0.273155
0
0
0
-0.273155
0
-1.09262
0
-0.273155
0
0
0
-0.273155
-0.273155
-0.273155
0
0
0
0
0
-0.273155
0
-0.546309
-0.546309
-0.273155
0
-0.273155
0
0
0
0
0
-0.546309
-0.546309
0
-0.546309
0
0
0
1
0
0
0
0
-0.546309
0
0
0
0
0
0
1
-0.273155
0
0
0
-0.546309
0
-0.273155
0
1
0
-0.273155
-0.273155
-0.273155
0
0
0
0
1
-0.273155
0
1
0
0
-0.273155
0
0
0
0
0
0
-0.273155
-0.273155
0
0
0
0
0
0
0
0
0
0
0
0
0
0
0
-0.273155
0
0
0
0
1
0
0
0
0
0
0
1
0
0
0
0
0
0
0
0
0
0
0
-0.273155
0
1
0
1
-0.273155
-0.273155
0
0
0
0
0
0
0
-0.273155
-0.273155
0
-0.273155
0
0
0
0
0
0
0
0
0
0
0
0
0
0
0
-0.273155
-0.273155
0
-0.273155
0
0
0
0
0
-0.273155
0
0
0
0
-0.273155
0
-0.273155
0
0
0
1
0
0
0
0
0
0
0
0
0
0
0
0
0
0
-0.273155
0
0
0
0
0
0
0
0
0
0
0
0
0
0
0
0
0
-0.273155
0
-0.273155
0
0
0
0
-0.273155
0
-0.273155
0
1
0
0
0
1
0
0
0
-0.273155
0
0
0
0
0
0
0
0
0
0
0
1
0
0
0
0
0
0
0
0
0
0
-0.273155
0
0
0
0
0
0
0
-0.546309
0
0
0
0
0
0
0
0
0
-0.273155
0
0
0
0
-0.273155
0
0
0
0
0
0
0
0
0
0
0
0
0
-0.546309
0
0
0
0
0
0
-0.273155
0
0
-0.273155
-0.273155
0
0
0
0
0
0
0
0
0
0
0
0
0
0
0
0
0
0
0
0
0
0
0
0
0
0
0
0
0
0.726845
0
0
0
0
0
0
0
0
0
0
0
0
0
0
0
-0.273155
0
0
0
0
0
0
0
0
0
0
0
-0.273155
0
0
0
0
0
0
0
0
-0.273155
0
0
0
-0.273155
0
0
-0.273155
-0.273155
-0.273155
0
-0.273155
0
1
0
0
1
0
0
0
0
0
0
0
0
0
0
0
0
0
0
0
0
0
0
0
0
0
0
0
0
0
-0.273155
0
0
0
0
0
0
0
0
-0.273155
0
0
0
0
0
0
0
0
0
0
-0.546309
0
1
0
0
0
0
0
-0.273155
0
0
1
0
0
0
0
0
0
0
0
0
0
0
0
0
-0.273155
0
0
0
0
0
0
0
0
0
0
0
0
0
0
0
1
0
0
0
0
0
0
0
0
0
0
0
0
0
0
0
0
-0.273155
0
0
0
0
1
0
0
0
1
0
0
0
0
0
-0.273155
0
0
-0.273155
1
0
0
0
0
0
0
0
0
0
0
0
0
0
0
0
0
0
0
0
0
0
0
0
-0.273155
0
0
0
0
0
0
0
0
-0.273155
1
0
0
0
-0.273155
-0.273155
-0.273155
0
0
0
0
0
0
0
0
0
0
0
0
0
0
0
0
0
-0.273155
0
0
0
0
-0.273155
0
0
0
0
0
0
0
0
-0.273155
0
0
0
0
0
0
0
0
0
-0.273155
0
0
0
0
0
-0.273155
0
0
0
0
-0.273155
0
0
0
0
1
0
0
0
0
0
0
0
0
0
0
0
0
0
0
0
0
0
0
0
0
0
0.726845
0
0
0
0
0
0
0
0
0
0
0
0
0
0
0
0
0
-0.546309
0
0
0
0
0
0
0
0
-0.546309
0
0
0
-0.273155
0
0
0
0
0
-0.273155
0
0
0
-0.273155
0
-0.273155
0
0
0
0
0
0
0
0
-0.273155
0
0
0
0
0
-0.273155
0
1
0
0
0
0
0
0
0
0
0
0
0
0
0
0
0
0
0
0
0
0
0
0
0
0
0
0
0
0
0
0
0
-0.273155
0
0
0
0
0
0
0
0
0
0
0
0
0
0
0
0
0
0
0
-0.273155
0
0
0
0
0
0
0.726845
-0.273155
0
0
-0.546309
0
0
0
0
-0.273155
0
0
0
0
0
0
0
-0.273155
0
0
0
0
0
0
0
-0.273155
0
0
0
0
0
0
0
0
0
0
0
-0.273155
0
0
0
0
0
0
0
0
0
0
-0.273155
0
0
0
-0.273155
0
0
0
0
0
0
0
0
2
0
-0.546309
0
0
1
0
0
1
0
0
0
0
-0.273155
1.72685
0
0
0
0
0
0
0
0
0
0
0
0
1
0
-0.273155
0
-0.273155
0
0
-0.273155
0
-0.273155
0
0
1.72685
0
0
0
-0.273155
2
0.726845
1
0
0
1
-0.546309
-0.273155
0
0
-0.273155
0
-0.273155
-0.546309
0
0
0
0
0
0
-0.273155
-0.273155
1
0
0
0
0
0
0
-0.273155
0
0
2.45369
0
0
-0.273155
0
-0.273155
-0.273155
1
0
0
0
0
-0.273155
-0.273155
0
0
0
0
-0.273155
-0.546309
1
0
-0.273155
-0.273155
0
-0.546309
0
-0.546309
0
0
-0.546309
-0.273155
-0.273155
-0.546309
0
0
0
0
-0.273155
0
0
0
-0.273155
0
0
0
0.726845
-0.819464
0
0
0
0
-0.273155
0
-0.273155
1
0
-0.273155
0
-0.546309
0
0
0
0
-0.273155
1
0
0
-0.273155
-0.273155
0
-0.546309
1
-0.273155
-0.273155
-0.273155
-0.546309
-0.273155
1
0
0
0
1
-0.273155
0
-0.273155
1
1
0
0
0
0
