0
0
0
0
0
0
0
0
6.56076
0
2.37665
0
7.92057
0.200956
0
0
2.74488
0
6.56076
0
10.6486
0
1.11311
8.64861
0
3.74488
0
0
4.83273
0
0
0
0
16.1925
0
0
0
3.01684
11.1047
10.3766
0
1.10469
12.1047
0
0
4.47292
3.83273
8.37665
0
0
0
3.83273
0
0
11.8327
0
0.0168419
0
0
0
0
0
0
0
0
0
0
0
0
0
0
2.83273
0.472918
0
0
0
0.648611
0
0
0
0
0.104689
0
0
0
0
0
0
0
5.19254
7.4645
3.74488
14.2804
3.19254
1.10469
0
2.19254
10.2804
0
0
0
0
9.4645
0
0
0
0.0168419
0
7.28038
0
0
0
5.92057
3.10469
0
0
0
0
0
0
2.10469
0
1.92057
0
3.19254
0
0
0
0
0
0.560764
1.92057
0
0
0
0
0.0168419
0
0
0.560764
0
0
0
4.19254
0
1.10469
0
0.920574
0
10.1047
0
1.74488
0
0
0
3.92057
0
4.73646
0
0
0
0
0
0
0
0
14.8327
0
0
3.73646
0
0
0
0
3.37665
0
0
0
0
0
0
0
0
0
12.4645
0
0
5.56076
2.19254
0
0
0
0
4.73646
0
0
12.6486
0
0
0
0
0
8.92057
0
0
0
0.648611
6.37665
0.560764
0
17.8243
0
10.1925
0
0
0
0
2.2888
0
0
0
0
0
7.83273
0
0
0
11.4645
1.47292
0
0
1.19254
0
0
0
0
0
0
0
5.83273
0
0
0
0
8.37665
0
0
0
0
0
0
9.00842
0
0
0
0
0
0
0.104689
0
0
2.64861
0
0
0
3.92057
0
0
0
0
0
0
0
0
5.92057
0
4.64861
7.00842
0
0
0
0
4.64861
0
0
0.464497
0
0
6.92057
0
0
6.73646
0.192535
0
0
5.19254
0
0
0
0
6.4645
0
2.19254
0
1.37665
0
0
0
0
8.37665
0.920574
5.19254
0
4.00842
0
0
0.00842094
0
0
3.83273
8.00842
0
2.4645
0
0
2.4645
0
0
0.464497
7.82431
0
0
0
0
0
6.92057
8.82431
0
14.0084
0
9.19254
0.648611
8.00842
3.64861
0
6.19254
0
0
0
0
0
1.92057
0
0
0
0
4.64861
0
0
0
0
0
0
0
6.00842
7.56076
0
3.10469
0
0
12.4645
0
13.0084
0
0
0
0
0
2.92057
0
6.28038
1.4645
7.64861
0
8.00842
0
6.64861
0
2.92057
0
5.92057
0
11.5523
0
0
0
0.104689
0.648611
0
0
0
11.0084
0.192535
0
8.19254
0
7.00842
0
0
3.28038
0
0
0
0
0
0
1.19254
0
2.19254
6.92057
7.73646
7.4645
2.19254
0
14.2804
0
0
0
0
0
0
0
0
0
7.55234
4.00842
0
0
7.19254
0
4.64861
0
0
4.37665
0
0
2.28038
8.73646
0
7.73646
11.0084
6.19254
11.0084
1.64861
7.82431
5.73646
5.4645
0
0
1.2888
0
0
0
0
0
0
5.55234
6.19254
0
8.73646
0
0
0
5.92057
1.4645
0
0.00842094
6.92057
0
0
9.4645
1.10469
0
0
0
0
0
0
5.19254
10.7365
8.73646
10.6486
7.00842
0
0
16.4645
0
14.1925
4.92057
0
0
0
0
0
0
8.73646
0
9.4645
0
0
3.10469
6.83273
0
6.55234
1.10469
0
6.64861
3.64861
0
6.83273
0
10.4645
0
6.28038
2.4645
0
15.0084
0
0
0
2.19254
11.1925
0
22.8243
0
5.73646
5.64861
12.4645
0
8.00842
2.73646
3.01684
10.6486
3.4645
4.64861
9.92057
1.10469
1.74488
0.464497
4.10469
8.64861
23.3682
0.288803
2.73646
0
0
2.64861
8.37665
13.2804
1.64861
9.28038
0.288803
0
1.37665
7.64861
6.64861
0
1.01684
0
3.4645
0
0.920574
6.10469
12.2804
1.64861
0
7.64861
2.92057
0.920574
3.64861
11.4645
5.73646
3.00842
1.37665
5.92057
2.55234
1.64861
0
7.92057
0
0
1.64861
3.92057
0
2.19254
0
0
0
0
13.4645
0
1.4645
0
0
0
0
0
3.82431
3.55234
0
5.00842
6.82431
0
3.82431
0
0
4.73646
0
0
3.73646
0.280382
3.92057
0
4.64861
0
0
0
0
1.19254
0.736459
7.55234
0
2.82431
0
0
0
0
10.5523
0
0
0
11.8243
0
0
0
1.73646
3.82431
0.736459
0.280382
0
0
0
0
6.09627
1.4645
0
0
0
0
7.55234
0
0
14.0963
0.280382
2.28038
0
0
0
0
3.73646
0.464497
0
0
0
0.736459
2.00842
0
0
4.28038
0
4.55234
1.73646
0
6.82431
5.28038
0
0
0
3.28038
9.36823
0
0.0962677
11.3682
0
11.3682
0
0
0
5.73646
0
0
0
0
10.3682
2.09627
1.55234
4.64019
7.55234
6.55234
0.736459
0
0
0
0
0
4.82431
2.09627
1.00842
0
0
10.4645
0
6.00842
2.55234
3.09627
0.464497
5.09627
2.82431
3.36823
2.82431
13.3682
8.82431
0
0.368229
6.82431
0
0
0
0
14.3682
0
1.92057
0
9.00842
0
0
1.55234
5.09627
0.552344
4.64019
0
10.9122
0.280382
1.82431
0
9.09627
8.36823
12.3682
4.36823
1.00842
0
4.55234
5.91215
2.00842
0
13.8243
6.91215
0
0
0.552344
8.55234
8.64019
0
0
0
4.82431
4.36823
0
0
7.82431
0
1.09627
0
0
2.28038
0
6.82431
12.1841
4.28038
0
1.55234
0
6.82431
0
1.09627
2.82431
0
1.09627
12.9122
8.91215
0
2.64019
0
0
3.91215
0
0
5.82431
7.36823
2.00842
9.64019
1.82431
1.28038
2.82431
0
1.09627
0
0
0
2.09627
0
7.28038
3.55234
0.824306
9.09627
0.824306
0
0
2.55234
1.28038
0.736459
4.55234
0
1.36823
2.55234
2.00842
0
1.82431
0.00842094
0
2.64019
3.36823
0
3.64019
0
0
2.82431
0
0
4.36823
6.82431
4.28038
0
0
2.28038
0
0
0
6.36823
7.64019
4.64019
10.9122
0
0.368229
0
10.0963
3.82431
0
0
4.36823
1.55234
3.36823
0
0
1.82431
0
0
6.09627
2.28038
0.552344
0
0
0
0
1.36823
0
0
0
0
0
1.55234
0
2.09627
0
0
0
4.91215
0
0
0
4.91215
0
0.552344
3.09627
1.09627
2.91215
0
0.0962677
2.36823
1.09627
0
0.0962677
0
0
0.552344
0
4.09627
7.64019
3.64019
0
4.55234
0
6.64019
4.18411
8.36823
4.91215
2.09627
0
0
0
2.64019
0
3.91215
0
0
4.36823
0
0
0.912153
0
0
4.18411
0
0
0
0
0
5.64019
0
2.64019
0
0
3.64019
0
4.91215
0
0
0
0
0
0
0
0
4.64019
0
0
0
3.64019
4.18411
5.91215
3.45608
0
2.09627
0
0.0962677
3.82431
0
7.18411
0
4.64019
0
0
0
0
0
0
0
0
0
0
0
0
0
0
1.18411
0
4.91215
3.64019
0
0
0
3.45608
2.45608
0
4.82431
0.640191
0
0
2.09627
0
0
0
0
3.91215
0
0
3.18411
0
6.91215
0
0
0
2.36823
4.09627
0
0
0.912153
4.18411
0
1.64019
0
0
0
7.18411
0.912153
1.64019
1.91215
0
0
9.72804
0
0
2.91215
3.91215
3.91215
0
0
1.36823
4.18411
0
0.824306
0
7
0
0
0
1.09627
0
0
5.18411
0
2.91215
0
5.64019
0.368229
3.36823
0
0
0
0
0
7.18411
0
4.18411
0
2.09627
0
3.91215
0
3.18411
1.91215
0
0
0
0
0
0
3.18411
0
3.18411
1.91215
0
8.18411
0
0.368229
0
5.64019
0
0.912153
0
0
0.184115
0
10.1841
0
5.18411
0.184115
0
2.18411
0
0
3.64019
2.82431
1.18411
0
0
0
2.18411
4.18411
5.18411
0.368229
2.91215
3.45608
0
0
0
0
12.4561
0
0
1.64019
0
0
0.640191
0
0
2.91215
0
0
0
0
0
0
0
0
0.640191
0
4.64019
0
0
0
5.18411
0
1.64019
0
0.0962677
12.4561
0
0
1.45608
4.45608
0
0.640191
0
1.18411
0
0
0
0
0
0
0.184115
2.91215
0
0
0
0
3.64019
0
0
1.45608
0.912153
2.91215
1.18411
0
0
0
0
0
3.18411
0
0
0
0
0
0
1.64019
0
4.18411
0
6.72804
0
0
0.912153
0
0
7.45608
0
0
0
0
0.640191
0
0
0.912153
0
0
0
0.0962677
1.64019
2.45608
0
0
1.45608
5.64019
2.91215
6.18411
0
3.45608
0
4.18411
0
0
0
0
0
0
0
0
0
0
0
0
0.368229
1.45608
0
0
0
0.184115
0
0
0
0
0
0
3.45608
0
0.640191
1.18411
2.91215
0
0
0
0
4.45608
0
0
0
0
1.18411
0
0
2.18411
0
0
0
0
0
0
1.64019
0
3.45608
0
0
0
0
0
0
0
6.91215
0
0.456076
0
0
0
0
0.0962677
0
0
0
0
0
0
0
3.64019
0
1.45608
0
0
0
0
0
0.912153
0
0
0
0
0.184115
0
0
0
0
4.72804
0.912153
3.45608
1.18411
0
0
0
2.18411
0
0
0
0
0
0
0
0
0
0
0
1.18411
0
0
1.91215
0
0.184115
0
0
0
0
0
0
5.45608
5.72804
4.45608
2.18411
0
0
0
0.456076
0
0.456076
0
0
0
0
0
1.45608
0
0
0
0
0
0
1.91215
2
0.184115
0
0
0
3.72804
0.640191
0
0
0
0
0
0
1.45608
0
0
0
0
0
0.184115
8
0
0
0
0
0
0
0
1.72804
0
0
0
0
0
0
5
3.72804
0
0
0
0
1.09627
3.18411
0
0
1.18411
0
2.45608
0
0
0
0.640191
0
0
1.18411
0.728038
0
4.18411
0
0
2.72804
0
0
0
0
0
0
0
0
0
0
0
4.45608
0
0
1.45608
0
2.64019
4.45608
0
0
0
0
0
0
0
0.184115
0
0
0
0
0
0
0
0
0
0.456076
0
0.912153
3.45608
0
0
0
0
0
0
0
1.18411
0
0
0.368229
0
0
0.184115
0
0
0
0
0
0
0
0.184115
0
0
2.36823
0
0
1.45608
0
0
0
0.184115
0
0
0
0
0
0.728038
1.45608
3.45608
0
0
0.456076
0
0
0
0
0
0
0
0
1.91215
0
0
0
0
4.18411
0
0
0
0
0
0
0
0
0
0
0
0
0
0
0
0.456076
0
0
0
0
0
0
0
0
0
2.45608
0.456076
1
0
0
0
0
0
0
0
0
0
0
0
0
1.18411
2.45608
0
0.184115
0
2.91215
0
0.912153
0
0
0
0
0
0
0
0.184115
0
0
0
0
0
0
0
0
0
0
0
0
0
0
0
0
0
0
1.72804
1.45608
0
0
0
0
0
1.18411
0.184115
0
0
0
0
0
0
0.184115
0
0
0
0
0
0
0
0
0
0.456076
0
1.45608
0
1.45608
0
0
0
0.456076
0
0
0
0
0
0
0
0
0
0
0
0
0
1.72804
0
1.18411
0
0
0
0
0
0
0
0
0.912153
0
0
0
0
0
0
0
0.912153
0
0
0
0
0
0
0
3
0
0
1.72804
0
1.18411
0.184115
0
0
0
0
0
0
0
0
1.18411
0
0
1.45608
0
1.18411
0
0
0
0
0.912153
0
0
0
0
0
0
0
0
0
0
0
0
0
2.45608
0
1.72804
0
0
0.456076
0
0
0
0
0
0
0
0
1
0
0
0
0
0.728038
3.72804
0
0
0
0.456076
1.72804
0
0
0
0
0.456076
1.72804
0
0.456076
0
0
0
0
0
0
0
0
0
0
0.456076
0
0
0.456076
2
0
0
0
0
0
0
0
0
0
0
0
0
1.18411
0
0
0
0
0
0
0
0
1.72804
0
0
2.72804
0
0
1
0
0
0
0
0
0.728038
0
1.72804
0
0
0
0
0
0
0
0
0
0
0
0
0
0
0
0.456076
0
0
0.728038
3
0.456076
0
0.184115
0
0
0
0
0
0
3.45608
0
0
0
2
0.728038
1
0.456076
0
0.728038
0
0
0
0
0
0
0
0
3
0.728038
0
0
0.456076
0
0.456076
0
0
1.45608
0
0
2.18411
0.728038
0
0
0
0
0
0
0.456076
0.728038
1
0.728038
0.728038
0
0
0
0
0
0
0
0
0
0
1.72804
0
0
0
0.184115
0
3.72804
0.728038
0
0
0
0
0
0
0
0
0.728038
3.72804
0
0.728038
0
1
2.72804
0
0
0
0
0
0.456076
0
1.72804
3.45608
0
0
2.72804
5.45608
0
0
0
0
0
0.912153
0
0
0
0
0
0
0
0
0
0
0
0
0.456076
3
0
0
0.728038
0
0
0.456076
0
0
0
0
0
0.728038
0
0.456076
0
0.456076
0.728038
0.728038
0
0
2.72804
0
0
0
0
1
0.728038
0
0
0
0
0
0
0
0
0.728038
0
0
0
0
0
0
0
0
0
0.456076
0
0
0
0
2
0.456076
0
0
0
0
0
0
0
0
0
0
0.728038
0.456076
0
0.728038
0
0
0
0
0
0.456076
0.184115
0
0
0
0
0
0.184115
1.18411
3
0.456076
0.184115
0
0
0
2.45608
3
0
3
0
0.728038
1.72804
0
0
0
2
0
0
0
0
0
0.728038
1.72804
0
0
0
0.728038
0
0
0.184115
2
0
0
0.184115
0
0
1.45608
1.45608
0
3.72804
0
0
0
0
0
0
0
0
0
0
1.72804
4
0
0
0
1.72804
0.456076
0
0
0
0.728038
0
0
0
2
0
0.728038
0
0
0.456076
0
0
0
5.72804
0
0
0.456076
0
0
0.728038
0
0
1.72804
0
0
0
0
0
0
0
0
1.45608
0
0
0
0
2.72804
1.45608
0
0
0
1.45608
1.45608
0
2
0
0
0
1.72804
0.456076
0
0
0.456076
0
0.728038
0
0
0
0
0.728038
0.456076
1.72804
0
0.728038
0
2
0
2.72804
0
0
3
0
0
0
4.72804
0
0
0
2.45608
0
0
0
0
0
0
0
0
0
0
0
0
0
0
0
3.72804
0
0
1
0
0
0
0.456076
0
0
0
0.728038
0
0
2
3
2
0
0
0
0
0
0
0
0
0.456076
0
0.728038
0
4.72804
0
0
0
0
0
0
0
0
0
0.456076
0
3
0
0
0
0
0
0
0
0
2.72804
0
0.456076
1.72804
0.456076
0
0.456076
1
0.728038
0
0.728038
1
0
0
0
0.728038
0
0
3
0
0
0
0
1.72804
0
0
0
2.72804
0
0.728038
1
0
0
2
1.45608
0.456076
0
2
0
0
0
0
0
2.72804
0
0
1
0.728038
0
2.72804
0.456076
0
0
0.728038
1.72804
0
0.728038
2
1.45608
0.728038
0
0
0
0.184115
1
0
0
0
3
0
2.72804
0
1.72804
0
0
1
0
0
0
0
0.728038
0
0
0
2
2
0.728038
0
0.728038
4
0
0
0.456076
2.72804
1.72804
3
0
0.728038
2
0
2
0
0
2
2
0
0
0
0
0
0
0
1
0
0
0
0.728038
2.72804
0
0.728038
0
0
0
0.456076
1.72804
0
0
0
0
0
0
0
0
0
0.456076
0
0
1.72804
0
0
0
0
0.184115
0.728038
0
0
0
3
0
0
0
0
0
1
0
2
0
1.72804
0
1.72804
0.456076
0
0
0
0.728038
0
0
0.456076
0
0
0
0
0.728038
0
0
0
1
1
0.728038
0
0
0
3.72804
2
0
0
3.72804
0
0
0
0
0
0.728038
3
0
0
0.728038
0
1.45608
0
3
0
0.728038
0
0
0
1.45608
4
2
3
0
0
2
2
0
0
0
0
1.72804
0.728038
2
0
1
2
0
0
0.456076
0
0
0
0
0
0.728038
0
0
0
0
0
0.728038
0
0
1.72804
0
0
0
5
0.728038
0.728038
1
0
0
0
0
2
2
1.72804
1.72804
0
3
0
0.728038
0
0
0
0
2
0
0.728038
0
0
0
0
0
0
0
0
0
0
2
0
0
0
0.456076
0
0
0
3
2.72804
0.728038
0
0
4
3.72804
0
1
3
0
2
1
3
0.728038
3
1
1.72804
0
1
0
0
0.456076
0
0
0
0
1.72804
0
2
0.728038
0
0
1
2
0
3
0
0
0
0
0.728038
0
0
0
0
0
0
1
0
2.45608
0
0
0
0
0
0
0
3
1
0
0
2.72804
0
0
0
0
2
1
0
0
2.72804
0
0.728038
0
0
0.728038
0
0.456076
2
0.456076
1
0
1
1
0
0
1
0.728038
2
0.728038
0.728038
2
0
0
0
0
1.72804
0
0
0
0
2.72804
0
0.728038
1
0
0.728038
0
1.72804
0
0
0
0
1
2.72804
0
0.728038
0
4
0.728038
0
0
0
2
2
0
0.728038
0.728038
0
0
0
0.456076
0.728038
1
1.72804
0
2
2
0
0
1.45608
0
2
1
2
0
0.728038
0
2
3
0
0
0
0
0
2
0
0.728038
0
0.456076
0
0.728038
0
1.72804
1
1
0
0
0
2.45608
1
2.72804
0
0
0
0
1
0
2
0
0
2
0
1
0
0
0.728038
0
4
2
5
0
3
0
0
0
3
0.728038
0
0
0.728038
0
0
2.45608
0
0.456076
0
0
0
1
0
0
2
0.728038
0.728038
0
0
0
0
0
0.728038
0
0
2
0.728038
0
3.45608
0
2.72804
0
1
1
0
0
0
2
0.728038
2
3
0
1
0.456076
0
0
2
0
0
2
0.456076
4
0
0
0.456076
0
0.728038
0
0
0.728038
1
0
0
1.72804
0
0
0
0
0
0
0
0.728038
0
0
2
2.72804
0
0
0
2.72804
0.728038
0
0
1
0.728038
3
4
3
0
1
0
0
0.456076
1
0
0
1
0
3
0
0
0.728038
0.456076
3.72804
0.728038
0
0.728038
1
0.728038
0
0.728038
0
0
2
0
1.72804
0
0.728038
1
0.728038
0
0
0
2
0
2.72804
0
2
1
0.728038
4
0
0
0
2
0
1.72804
1
0.728038
2
0
2
0
0
0
0
0
0.728038
0
0
0.728038
0
1.72804
0
0
0
0
0
0
0
2
0
0
0.728038
1
3
2
0.456076
1
1.72804
0
1
0
4
0
2
2
0
0
1
0
1.45608
0
0
0
0
0
3
4.72804
0
3.45608
1
3
0.456076
0.728038
1
1
0
3
0
0
3
1.72804
1.72804
0
1
0
0
0
3.72804
3
0
2
3
0
0.728038
0
0
0
0.728038
0
0
0.456076
0
0
0
0
0
0
0
0
0
1
0
2
0
0
0
0
0
0
0.456076
0
0
0
0.728038
0
0
0
0
1
1
0.728038
0
1.72804
0
0.728038
0
0
2
0.728038
4
0
2
0
1.72804
0
0.728038
0.728038
0
0
1
2
0
0
2
0
0
0.456076
1.72804
3
0
0.728038
0.728038
0
0
1.72804
3
0
1.72804
0
0
0
0
0
0
0
3
0
0
0
3
0
0.456076
1
1
2
0
0.728038
0
0.456076
0
0
0
0.728038
0
1.72804
1
0
0.728038
0
1.72804
0
0
0
0
0
1
1
0
0.728038
0
0
0
0
2
1
3
0.728038
0
1.72804
0
0
0
0
0
0
1
0
1
0
0
1
0
1
0.456076
5
0
0
2
0
2
1
2
0
0
0
0
0
0
0
3
0
0
0
0
2
2
0
0
0
1
1
0
0
2
0
0
0.728038
1.72804
0.728038
0
0.456076
0
0.456076
0
0
2.72804
0
0
1
0
0
2
0
0.728038
1
2
0
0
0.728038
0
1
0
1.72804
2
0
4
0
0
1.72804
0
0
1
0
0
0
0.456076
0.728038
2
1
0
0
0
0
0
2
2
0
0
2
0
0
0
2
0
0
0
1
0
0
0
0
2
0
1
0
1.72804
2
1
0
1
2
2
0
0
0.728038
0
0
0.728038
1
0
0
0
2
0
0
0
0
1
0
2
0
0
0
1
0
0
1
0
0
0
0
2
0
2
0
2
2
0
0.728038
0.728038
0
1
0
2
0
0
0
0
0.728038
0
0
0
0
0
1
1
0
0
0
4
0
0.728038
1
0
0
0
3
0
0
0.456076
0
0
0
0
0
0
0
0
0.728038
1
0
0
3
1
3
0
0
1
0
0
1
0
1
0
1
1
0
0
0
0
1
0.728038
0
1
2
0
0
1
0
0
2
0
0
4
0.456076
0
0
0
0
0.728038
0
0
2
0.728038
0.456076
0
1
0
0
1
0
0
0
2
0
0.728038
0.728038
0.728038
1
0.728038
3
3
1
2
0
1
0
0.728038
0.728038
1
1
2
0
0.728038
2
0.728038
0
0
1
1
1
0.728038
1
0.728038
0
0
0
0.728038
0
2
0
0
0.456076
0
0.456076
1.45608
0
1
1
0
0
3
0
0
0
0
0
0
2
0
0
1
0
0.728038
1.72804
0
0.728038
0
2
0
0
0
4
0
0.728038
2
0
0.728038
0
1
2
3
1
0
0
0
1
0
0
0
1
0
0
1
0.728038
0
0
2
4
0
0.728038
0
1
1
0.728038
0
0
0
1.45608
0
0
0
0
0
0
2
0
0
0
2
0
0
0
3
0
1
0
0
0
0
0
0
0
0
0
0
2
1
0
0
0
0
0
2
0
1
0
0
0.728038
0
0
2
0
0
0
0
0
1
0
0
1
0
0
0.728038
2
0
2
0
3
0
1
0
1
0.728038
1.72804
0
2
0
0
0
0
0.456076
1
0
0
0
0
0
1
0.728038
2
1
0
3
0
1.72804
0
0.456076
1.72804
1
0
1
0
0.456076
0.728038
3
0
0
0
0
3
0.728038
0
3
0.728038
1
1
2
1
0
0
1
2
1.72804
1.72804
0
5
0
0
0
0
0
0.728038
0
0
0
0
1
0
1
1
0
2
0
0
1
0
0
0.456076
2
0
0
1
1
0
0
1
1
0
0
0
1
0
0
0
0
0
1
0
2
0
0
0.728038
4
1
0
0
1
2
0
1
0
0.728038
0
0.728038
0.728038
0
0.728038
0
0
1
0.728038
0
0
0
0
0.728038
0
0
0
1
1
1
2
0
3
1
0
2
1.72804
0
0
2
1
0
0
0.728038
2
1
2
0
0
2
3
2
0.728038
0
0
0.728038
1.45608
0.728038
0
5
0.456076
0
0
1
0
0
0
0
1
1.72804
1.72804
0
0
0
0.728038
0
0
0
0
0
0
0
0
0
1.45608
3
0
2
2
0
0
0.728038
0.728038
0
2
0
0
0
0
0
0
1
0
0
0
1
0
0
0
2
0.728038
1
2
0
0
0
0
1
0
0
0.728038
0
0
2
0.728038
1
1
2
1
3
0
0
0
1
0
0
0
1
0.728038
0.728038
0
1
0
0
1
1
4
0
0
0
0
0
0
4
1
0
2
0
0
0
0
1
2
2
3
0
0
0
0
0
1
0
1
0
0
0
0
0
0
0
2
2
1
0
0
1
0
0
2
0
0
0
0
2
0
0
0
0.728038
3
1
0
0
3
0
0
1.72804
0
4
0
0.728038
0
0
0
0
0
1
0
0
0
0.728038
0
3
0
0.728038
0
0
0
0.728038
3
1
0
2
0
0
0.728038
0
0
0
0
0
0
2
0
0
2
3
0
1
0
1
0
1
3
0
0
0.728038
1
0
0
0.728038
0
0
0
3
0
0
0
0
0
0
0
0
0
1
2
0
1
0
1
3
0
2
1
0.456076
1.72804
1
0
0
1
0
0
0
0
0
2
1
1
1
0
3
1
2
0
2
2
0
0
0
0
0
0
0
0
2
0
0
0
0
0
0
0
0
3
1
0
0
2
2
0
1.72804
0
1
0
4.72804
3
0
0.728038
2.72804
0
0
0
0
0
0
1
0
0
0.728038
1
1.72804
5
0
1
3
0
0.456076
0
0
1
1
0
3
1
0
1
0
0
0
1
0
0
1
2
0
1
1
0
0
1
0.728038
1
0
0
0
1
1
0.728038
0
0
1
0
0
0
2
0
0
0
1
0
0
3
0
0
0
0
0
0
0
0
0
0
0
1
0
0
0.728038
1
1
0
0
0
0.728038
0
0
0
0.728038
0
0
1
1
1
2
0
1
2
0
0
0
0
1
0
1
4
0
3
0
1
1.72804
0
2
0
0
0
2
0
1
0
1
0
1
0
0
0
0
1
0
0
0
1
0
1
0
0.728038
1
1
1
0
1
0
0
0
2
0
0.728038
1
0
2
0
1
0
3
0
0
0
7
0
1
3
0
1
1
2
1
0
2
1.72804
0
0
2
2
0
0
0
2
1
0
0
0
0
1
1
3
0
0
1
0
1
0
1.72804
0
1
0
0
2
0
0
1
0
1
0
0
1
1
1
0
1
0
1
1
3
0
1
0
0
0
0
0
1
0.728038
2
1.72804
2.72804
0
1
0.728038
0
0
0
0
0
1
1
0
0
1
1
1.72804
1
1
0
0
0
0
0
0
0
0
0
0.728038
0
0.728038
3
2
0
0
1
0
3
0
0
0
1
1
0
0
0
1.72804
0
0
0.728038
0
0
0
0
1
0
1
0
0
2
1
0
0
0
0.728038
0
0
1
0
2
0
0
0
0.728038
2
1
0
0
1
0
2
0
0.728038
3
1
0.728038
0
0
2
0
0.728038
0
0
0
0
3
0
0
1
0
0
0
0
0.728038
1
3
0
5
0
0
0
1
0
2
1
0
0.728038
0.728038
0
0
0
2
0
0
0
0
1
0
0
0
1
0
0
2
1
1
1.72804
3
2
0
0
0
2
1
0
3
3
0
1
0
0
0
1
1
0
0
2
0
0
1
0
0
0
2
0
0.728038
1
0
2
0
0
1
1
0
2
0
0
0.728038
0
1
0
0
1
0
3
0
0
0
0
0
0
0
0
1
1
1
1
2
0
2
1
0
1
1
1
0
0
1
0
0
0
0
0.728038
0.728038
0
2
0
0
0
1
0
0
1
1
0
1
1
0
2
2
1
2
0
0
3
1
0
1
0
0
0
0
0
1
2
2
1
1
0
0.728038
0
0
2
1
0
0
0
0
0
0
0
1
0
2
1
1
0
0.728038
0
0
1.72804
0
0
0
0
1
0.728038
0
0
1
1
3
2
0
0
0
0.728038
2
1
0
0
1
2
0
0
3
0
4
1
0
1
2
0
0
1
1
2
2
1
3
1
0
0.728038
0
0
0
0
1
1
0
0
0
1
0
1
1
0
2
3
0
2
0
2
1
1
0
1
0
0
1
1
1
0
1
1
0
0
0
0
0
0
0
0
0
0
0
0
0
0
0
1
0
0
2
3
1
0
1.72804
1
0
2
1
0
0
1.72804
0
2
0
2
0
1
0
0
0
0
3.72804
0
0
2
0
0
1
1
0
0
5
0
0
0
2
0
0
0
0
0
3
0
0
0
0
2
1
0
3
1
0
0
0
0
1
0
2.72804
0
0
0
2
0
0
0
3
1
0
0
2
0
0
0
0
0
0
0
0
0
0
0.728038
0
1.72804
0
0
1
3
0
2
0.728038
2
0
1
0
0
0
3
0
0
0
0
0
0
0
0
0
0
0
0
0
0
2
0
0
0.728038
0
2
0
0
2
0
0
1
0
1
0
2
1
3
1
0
0
2
0
0
1
1
1
0
0
2
0
1
1
0
1
0
0
0
1
3
0
0
0
0
0
0
0
1
1
0.728038
0
2
2
2
0
0
0
1
0
1
1
0
0
2
2
0
0
0
1
1
1
1
0
1
1
0
0
0
1
0
0
0
2
0
0.728038
0
2
0
0
0
0
0
0.728038
4
0
2
0
0
2
0
0
0
0
0
0
3
0
0
0
0
1
1
0
0
0
1
0.728038
1
0
3
0.728038
0
0
1
0
0
0.728038
0
0
1.45608
0
0
0
1
0
0.728038
1.72804
0
1
1
0
2
1
1
0
0
0.728038
1
0
0
1
0.728038
3
0
0
0
0
0
1
1
0
1
0
0.728038
0
0.728038
1
1
0
0
0
2
0
1.72804
2
1
1
1
1
2
0
0
0
0
0
0
0
0
1
0
0
1
0
0
0
0
1
1
0
0
0
0
1
0
2
0
0
0
0
0
1
0
0
2
0
1
0
2
3
1
0
1
0
0
2
0
0.728038
0
0
2
0
0
0
0
0
0
0
0.728038
0
0
0.728038
1
0
0
0
0
0
0
1
1
1
0
0
0
1
0
1
2
0
2
2
1
0
0
2
0
1
0
0
1
0
0
1
0
1
0
0
0
0
1
2
3
1
0
0
1
0
1
0
0
0
0
0
0
2
1
0
0
0
1
0
0
0
0
0
1
0
0
1
0
3
1
1
1
0
1
0
0
0
3
1
0.728038
1
1
0
0
1
1
0
0
2
1
0
0.728038
0
1
0
0
2
0
0
2
0
0
0
0
0
0.728038
2
1
0
2
0
0
1
1.72804
1
1
0
2
0
0
2
0.728038
0
0
1
1
0
0
1
0
0
1
1
0
0
0
1
0
0
2.72804
0
0
0
0
0
0
1
0
0
0
0
1
1
0
0
0
1
0.728038
0
1
1
0
0
0
2
1
0.728038
1
0
0
0
2
0
0
2
0
1
2
0
0
0
0
0.728038
4
1
0
0
0
1
2
0
2.72804
0
0
0
0
0
2
1
0
1
0
2
0.728038
0
0
1
0
0
1
0
0
1
0
1
0
0
0
0
0
0
1
0
0.728038
0
2
1
1
1
0
1
0
0
1
0
2
1
2
0
0
0
1
0
0
0
0
2
0
0
0
0
0
0
0
0
0
2
0
1
2
1
0
0
1
0
0
0
2
0
0
1
0
0
0
1
0
1.72804
0
0
2
1
3
0
0
0
1
0
0
0
0
1
0
1
0
1
0
0
2
1.72804
2
0
0
1
0
0
0
1
1
0
1
0
0
1
0
0
0
0
1
1
1
0.728038
0
2.72804
0
1
0
0
0
1
0
0.728038
0
0
0
0
0
2
1
0
0
0
2
0
1
0.728038
1
1
3
1
0
0.728038
0
1
0
0
0
1
1
2
0.728038
0
0
0
0
1
0
0
2
0
0
0
0
2
0
2
4
0
1
1
0.728038
3
0
0
2
0
0
2
3
0
1
0
0
0
0
1
1
0
2
0
0
2
2
2
1
1
0
1
0
0
0
1
0
2
1
1
0
0
0
0
1
0
0
0
0
0
1
0
0
1
0
0
0
0
0
0
1
1
0
1
1
1
0.728038
0
0
1
0
0
0
1
1
0
1
0
1
1
1
0
2
3
0.728038
0
1
0
0
0
3
3
0.728038
0
0
0
0
1.72804
0
0
0
0
1
0
0
1
0
0
0
0
0
0
0
0
0
0
0
0
1
0
0
0
0
1
1
1
0
0
0
0
0
0
0
0
1
2
0
1
0
0
2
1
0
1
2
0
0
0
1
0
0
0
1
1
1
0
0
0.728038
1
2
1
1
0
0
0
0
0
0
0
0
0
0
1
0
0
2
1
1
0
0
0.728038
0
0
0
0
0
2
0
1
2
1
1
0
0
0
0
0
1
1
1
2
0
1
1
1
1
1
0
0
1
0
0
0
1
2
1
0
2
0
0
0
0
1
0
0
1
2
1
0
2
0.728038
0
0
1
0
0
0
1
0
1
0.728038
0
1
0
0
0
0
3
1
1
2
0
0
0
2
1
1
0
1
0
0
0
0
1
1
1
0
0
1
1
1
0
0
0
0
0
0
0
0
0
0
1
1
0
0
0
0
1
0
1
0
0
2
0
0
0
0
2
0.728038
0
1
0
0
0
0
0
0
1
0
0
0
2
1
1
0
0
0
0
0
0
3
1
0
0
0
2
0
0
2
0
2
0
0
3
1
1
0
0
0
0
0
3
0
3
0
0
0
1
0
0
0
0
1
0
1
1
2
0
0
0
0
0
1
0
0
0
1
0
0
0
0
0
1
1
0
0
0
0
1
0
0
0
2
0
0
0
0
0
0
0
0
0
1
1
0
0
0
1.72804
1
0
1
0
0
0
0
1
0
1
0
0
3
0
1
0
0
1
0
3
0.728038
0
0
0
0
0
0
0
0
0
0
0
0
2
0
0
0
0
1
0
0
0
0
0
0
4
0
0
0
0
0
0
2
0
0
0
1
0
0
0
0
2
1
0
0
1
0
0
1
0
1
0
0
0
0
0
0
0
0
0
0
0
0
0.728038
1
0
0
0
0
0
0
0
0
1
1
0
0
1
0
1
0
1
0
0
0
0
2
0
1
0
0
0
0
0
0
0
1
0
1
2
1
0
0
0
0
1
1
1
0
1
0
0
0
0
0
1
0
0
0
0
0
0
2
0
1
0
0
0
0
0
0
0
1
0
0
0
0
0
0
1
0
0
0
0
0
1
0
0
0
0
0
1
0
0
0
0.728038
0
0
0
1
0
2
0
1
0
0
1
1
2
0.728038
0
0
0
1
0
0
0
0
2
0
0
0
0
0
0
0
0
0
0
0
0
1
1
0
1
0
1
0
0
0
0
0
0
1
0
0
0
0
0
0
1
0
0
0
0
1
0
0
0
0
0
1
0
0
0
0
0
0
1
2
0
0
0
0
0
0
1
0
0
2
0
1
0
0
0
0
1
0
0
1
1
1
0
0
0
1
1
0
0
1
0
0
0
0
1
0
0
0
0
1
0
0
1
0
0
0
0
0
0
0
0
1
1
0
0
1
1
2
0
2
0
0
1
0
1
1
0
1
0
1
0
0
0
0
0
0
0
0
1
0
0
0
0
0
0
1
0
0
1
0
0
0
0
1
0
0
0
0
1
3
1
0
0
0
0
0
0
0
2
0
0
0
1
0
1
1
0
0
0
0
0
1
1
0
2
1
0
0
0
0
1
0
1
0
1
0
0
0
0
0
0
0
0
0
0
0
1
0
1
0
0
0
0
0
0
0
0
1
0
0
0
0
1
0
1
1
0
0
0
0
0
0
0
1
1
0
0
0
0
0
0
2
0
0
0
0
0
0
0
1
1
0
0
1
1
0
0
0
0
0
1
0
0
0
1
0
0
0
1
0
0
1
0
2
0
1
0
0
0
1
1
0
0
0
0
1
1
0
1
0
0
0
0
0
0
1
0
3
0
0
0
1
0
0
0
0
0
0
1
0
0
0
2
0
1
1
0
1
0
0
0
0
0
0.728038
0
0
0
0
0
0
0
0
1
0
2
0
0
0
0
0
1
1
1
1
0
2
0
0
0
0
1
0
1
0
0
1
1
0
0
0
2
0
0
1
1
0
0
1
0
0
0
1
0
0
0
0
2
0
0
0
0
3
1
0
0
0
0
1
1
0
0
1
0
0
0
0
0
0
2
0
0
0
1
1
2
0
1
1
0
0
0
1
0
0
0
3
0
0
0
2
3
2
3
2
3
2
0
1
1
0
1
0
0
1
0
1
0
1
0
1
0
1
1
0
0
0
1.72804
2
0
3.72804
1
1
0
2
0
1
0
1
2
1
1
0
0
0
1
1
0
0
1
0
0
0
1
1
1
1
4
0
0
1
0
4
0
0
0
1
1
0
0
0
3
2
1
1
0
0
0
4
0
1
0
0
0.728038
1
1
2
0
1
2
1
2
0
1.72804
1
1
0
3
0
1
0
0.728038
3
4
2
1
0
3
0
0
3
4
2
1
3
0
0
0
3
1.72804
0
0
0
0
1.72804
1
1
1
1
2
0
0
2
3
0.728038
1
1
3.72804
1
3
0
1
0
1
0
0
0
1
2
2
0
0
0
2
2
1
1
2
1
1
2
2
0
1
1
3
0
2
0
0
1.72804
0
6
0
0
0
1
0
0
0
1
2
1
2
1
1
2
1
0.728038
0
0.456076
0
3
1
0
0
0
0.184115
2
2
0
0
0
1
0
3
2
2
0
1
0
1
3
1
4
6
1
0
1
1
1
0
0
0.728038
1
0
1
0
0
2
0.728038
0
0
0
0
0
0
0
1
1
0
0
0.728038
0
3
0.728038
0
1
3
0
0
2
3
0
0
3
0
1
0
0
0
0
0
0
2
1
1
0
0
0
0
0
1
0
2
2
0
0
0
1
0
0
0
0
0
0
0.728038
0
3
0
0
0.728038
0
1
0
1
0
1
0
0
1
1
0.728038
0
0.728038
0
0
0
1
0
0
0.728038
1
0
0
0
0.728038
0
0
0
0
0
0
0
0
0.728038
0
1
0
2
0
1
1
0
0
0
0
2
0
0
0
0
0
0
2
0
0
0
0
0
0
0
0
0
0
0
0
0
0
0
0
0
0
0
0
0
0
0
0
0
0
0
0
0
0
0
0
0
0
0
0
0
0
0
0
0
0
0
0
0
0
1
1
0
0
0
0
0
0
1
0
1
0
0
0
0
1
0
0
1
0
0
0
0
0
0
0
0
0
0
0
0
0
0
0
0
0
1
0
0
0
0
0
0
0
0
1
0
1
0
0
0
0
0
1
0
0
0
0
0
0
0
0
0
0
1
0
0
0
0
0
1
0
0
1
0
1
0
0
0
3
0
0
0
0
0
0
0
0
0
0
1
0
0
0
0
0
0
0
0
0
0
0
0
1
1
0
0
0
0
1
0
0
0
0
0
1
0
0
0
1
0
0
0
0
0
0
0
0
0
0
0
0
0
0
0
0
0
0.728038
0
0
0
0
2
1
0
0
0
0
0
0
1
0
0
0
0
0
0
0
0
0
1
1
0
0
0
0
0
1
0
0
0
0
0
0
1
0
0
0
0
1
0
0
0
0
1
0
0
0
0
0
0
0
0
0
0
0
1
0
0
0
0
1
0
0
0
0
0
0
0
0
0
0
0
0
0
0
1
0
0
0
0
0
0
0
0
0
0
0
0
0
0
0
0
0
0
0
0
0
0
0
0
0
0
0
0
0
0
0
0
0
0
0
0
0
0
0
0
0
0
0
0
1
0
0
0
0
0
0
0
0
0
0
0
0
0
0
0
0
0
0
0
0
0
0
0
0
0
0
0
0
1
0
0
0
0
0
0
0
0
0
0
0
0
1
0
0
0
0
0
0
0
0
0
0
0
1
0
0
0
0
0
0
0
0
0
0
0
0
0
0
1
1
0
0
1
1
0
0
0
0
0
1
0
0
0
0
0
1
0
0
0
0
1
0
0
0
0
0
0
0
0
1
0
0
0
0
0
0
0
0
0
0
0
0
0
0
0
0
0
0
0
0
1
0
0
0
0
0
0
0
0
0
0
1
0
1
0
0
0
0
0
0
0
1
1
0
0
0
0
0
0
0
0
0
0
0
0
0
0
0
1
0
0
0
0
0
0
0
0
0
0
0
0
1
0
0
0
0
0
0
0
0
0
1
0
0
0
0
1
0
0
0
0
0
0
0
0
0
0
0
0
1
0
0
0
0
0
0
0
0
1
0
1
1
0
0
0
1
0
0
0
0
0
0
0
0
0
0
0
1
0
0
0
0
0
0
0
0
0
1
0
0
0
0
0
0
0
0
0
0
0
0
0
0
0
0
0
0
0
0
0
0
0
0
0
0
0
1
0
0
0
0
0
0
1
0
0
0
0
0
0
0
0
0
0
0
1
0
1
0
0
2
0
0
0
0
0
0
0
1
0
0
0
0
0
0
0
0
0
0
0
0
0
0
0
0
0
0
0
0
1
0
0
2
0
0
0
0
0
0
0
0
0
1
0
0
0
0
1
0
0
0
1
0
0
0
0
0
0
0
2
0
0
0
0
2
0
0
0
1
0
0
1
0
0
0
0
0
0
0
1
0
0
2
0
0
1
0
0
0
0
0
0
0
0
1
3
0
0
0
0
0
1
0
1
0
1
0
1
0
2
0
0
0
2
0
0
0
0
2
0
0
0
1
0
0
0.728038
1
1
0
0
0
0
0
1
0
1
0
1
0
0
0
0
2
0
0
0
1
1
0
0
0
1
0
0
0
0
0
1
0
1
4
0
0
1
1
0
1
1
0
0
1
1
2
0
0
0
1
0
0
0
2
1
0
0
1
0
0
0
0
1
0
1
0.728038
0.728038
0
0
0
0
0
0
0
0
0
1
0
0
0
0
1
0.728038
1
2
2
1
1
4
0
0
0
1
0
1
0
3
0
0
0
1
0
0.728038
1
0
0
1
1
1
0
0
1
1
0
0
1
0
0
0
0
0
1
0
0
0
0
0
0
0
1
0
0
0
2
0
0
1
0
0
0
0
0
1
0
1
0
1
0
1
0
0
1
0
0
0
0
0
0
0
0
0
0
0.728038
0
0
0
0
0
2
0
1
0
1
1
0
0
0
0
0
1
0
0
0
0
0
0
0
0
0
0
0
0
2
0
0
1
0
1
0
0
0
1
0
1
0
0
0
0
0
0
0
1
2
0
0
0
0
0
1
0
0
0
0
0
0
0
0
0
1
0
0
0
0
0
0
0
1
1
0
1
0
0
1
1
0
0
0
0
0
0
0
0
0
0
0
0
0
0
0
0
0
0
1
0
0
0
0
0
0
0
0
0
1
0
0
0
0
0
0
0
0
1
2
0
0
0
0
0
0
0
1
0
0
0
1
1
0
0
0
0
0
1
0
0
1
0
0
1
0
0
0
0
0
0
0
0
0
0
0
1
0
0
0
0
0
0
0
0
1
0
0
0
0
1
0
2
0
0
0
0
0
1
0
0
0
0
0
0
0
0
0
0
0
0
0
0
0
0
0
0
0
0
0
0
0
0
0
0
0
0
0
0
0
0
0
0
0
0
0
0
0
0
0
0
0
0
0
0
0
0
0
0
0
0
0
0
0
0
0
0
0
0
0
0
0
0
0
0
0
0
0
0
0
0
0
0
0
0
0
